3687.02884198
3743.89910627
3802.42366648
3834.09725198
3859.74430607
3891.11871198
3903.70968596
3959.26415045
4029.03310973
4037.64010262
4054.18204198
4085.71175333
4141.21407198
4181.66940729
4304.27740198
4427.66538141
4428.75648412
4490.35671198
4506.75373169
4591.40439198
4597.49430908
4636.74364532
4678.79531793
4704.48845198
4785.99409757
4867.55178198
4902.87643385
5053.63109198
5126.16355455
5133.34764814
5150.27300098
5154.67877198
5200.73540549
5251.73153198
5292.84524278
5348.78429198
5447.85270198
5447.85270198
5520.90391893
5560.93676198
5576.85273982
5601.38862165
5631.97387198
5633.93201198
5665.11785341
5703.14955946
5746.01680198
5747.01607198
5814.1160105
5818.05318198
5883.07571198
5885.34669497
5931.13724198
5952.68565468
5980.12847198
6002.96235675
6109.17106198
6117.21655198
6237.22964198
6245.27513198
6277.79601964
6331.40838583
6345.1218486
6350.31370198
6382.33404198
6387.24509296
6421.22177072
6432.8094523
6437.34573198
6462.11539762
6565.40431198
6568.41335198
6668.22505894
6693.49927198
6705.47226198
6772.6820249
6786.83261057
6819.51519198
6840.56768198
6849.4640625
6885.36371708
6917.85775185
6950.55568198
7007.16724374
7026.64699198
7040.80456351
7049.62409198
7062.69149967
7161.71248996
7186.68300198
7315.72559198
7358.34767454
7408.46108941
7433.11384798
7438.58802831
7447.73284742
7449.02203195
7471.82670198
7557.05519931
7574.83589198
