1000 5031
670 955
433 677
268 431
161 99
74 65
74 721
910 604
239 692
458 368
242 78
575 144
423 231
958 445
872 489
46 12
26 782
211 821
201 220
417 127
125 899
697 2
382 126
221 655
222 120
938 841
354 954
581 179
102 295
527 825
32 729
566 511
865 977
169 970
556 722
512 112
579 883
796 667
925 487
722 764
247 569
884 972
944 996
464 649
822 879
710 255
26 816
959 957
118 684
368 544
248 431
756 6
950 804
461 595
405 987
647 971
227 625
670 167
211 651
31 833
307 959
352 785
608 704
552 770
754 144
406 817
626 706
631 520
123 574
836 944
512 774
486 121
909 711
726 953
749 288
91 901
701 15
336 914
371 894
556 658
265 955
125 264
742 932
948 981
756 158
165 439
888 601
971 856
449 649
829 738
507 511
339 773
878 279
989 272
455 521
947 787
479 52
687 887
358 177
781 771
909 281
394 806
641 526
463 454
915 526
918 64
517 468
772 940
3 764
685 317
270 621
449 486
874 374
140 425
505 745
982 853
966 302
487 980
695 211
357 647
408 941
624 454
397 138
994 226
45 506
563 507
103 644
911 491
180 359
992 68
352 777
367 243
522 182
461 330
500 3
263 931
286 737
567 223
133 118
328 76
457 358
702 439
888 794
77 650
889 122
778 568
105 126
31 386
977 189
159 660
788 978
807 307
517 695
935 55
387 655
171 202
227 972
46 581
712 33
983 299
750 729
779 910
977 840
517 728
999 711
679 900
957 119
687 551
671 323
50 437
584 560
877 554
343 327
987 22
126 630
455 35
316 428
83 912
884 193
746 525
67 641
231 199
486 341
489 55
786 199
734 860
382 266
644 185
836 715
669 266
406 875
777 837
481 128
652 668
634 627
890 388
977 82
987 321
867 916
150 527
206 600
7 146
719 597
49 514
139 343
786 950
276 673
14 949
255 601
697 578
813 386
148 495
238 674
406 949
558 54
796 818
426 155
563 41
121 894
468 758
87 17
14 804
94 791
350 817
139 520
572 540
373 208
245 618
908 670
946 553
257 493
710 684
344 427
91 573
770 731
471 295
975 205
152 381
279 154
9 212
729 114
379 537
99 267
539 267
478 574
500 421
335 526
194 910
85 274
794 676
803 376
308 503
1 355
159 572
884 952
49 561
173 410
652 6
133 701
947 728
548 119
986 894
835 141
878 320
56 503
592 660
420 53
866 408
153 918
27 310
571 544
176 491
13 768
966 573
861 659
584 469
484 996
84 764
387 808
401 794
483 146
947 311
987 186
31 377
647 729
365 768
505 753
254 771
139 409
591 898
393 820
564 312
196 370
896 600
824 165
407 28
623 714
954 73
661 574
396 909
774 162
297 318
340 923
745 900
687 105
611 566
174 329
804 267
553 698
990 641
517 31
277 986
187 283
665 804
633 831
703 292
100 975
946 910
836 177
836 270
31 922
599 407
658 944
630 549
161 957
612 469
244 658
903 62
459 669
279 775
104 655
305 392
640 416
583 698
290 745
609 346
239 3
42 589
37 785
334 903
265 445
156 847
780 983
996 562
326 204
57 758
139 539
635 695
82 717
105 675
375 447
345 701
714 176
567 374
497 567
664 15
738 42
477 54
710 795
56 43
316 500
97 545
363 943
211 768
927 3
395 434
150 567
38 346
789 196
990 795
594 557
776 912
637 81
935 391
652 205
856 934
196 772
435 646
325 952
18 660
109 454
842 632
510 49
99 489
845 338
258 428
403 630
426 858
154 304
616 507
354 949
629 302
108 79
91 1
700 267
370 559
479 942
196 516
154 454
745 28
555 101
637 22
893 833
379 266
647 469
306 956
787 150
733 611
799 916
863 561
189 176
745 775
191 518
217 708
161 599
74 272
880 675
990 770
684 934
890 908
118 201
747 929
139 852
178 745
790 684
532 816
58 665
203 333
846 107
304 753
867 633
192 565
691 511
31 595
512 307
750 850
677 173
184 526
114 157
920 24
591 776
649 49
632 727
63 212
136 806
302 226
836 383
43 862
329 589
897 376
277 519
239 312
41 321
332 187
643 86
577 378
247 887
874 121
983 841
758 804
514 333
398 314
36 25
423 962
592 783
993 870
642 314
813 138
579 622
637 923
449 482
603 730
142 368
290 73
491 773
397 212
790 556
992 339
34 600
461 48
778 242
407 515
29 327
12 574
967 817
477 537
608 894
643 346
476 844
878 856
315 416
779 906
248 456
464 773
139 555
950 708
804 914
234 525
658 718
254 183
1 241
864 908
77 422
187 295
229 89
330 910
579 966
301 339
672 862
512 739
161 609
736 919
255 156
609 501
844 943
424 493
371 998
878 92
616 321
160 882
986 2
768 369
40 760
517 277
773 224
630 166
939 248
963 76
688 609
316 611
544 157
121 265
925 853
584 761
142 636
981 367
110 304
440 999
438 182
930 965
976 830
847 30
418 717
961 804
18 966
982 213
608 996
257 96
277 775
151 693
202 224
336 44
634 399
318 492
446 762
927 231
672 403
397 609
750 499
971 450
851 727
240 29
824 368
846 461
136 640
171 311
423 560
893 515
488 262
750 553
52 708
906 937
301 589
661 499
422 580
316 177
652 571
372 952
999 972
339 327
323 714
587 892
967 370
915 965
720 854
332 644
791 399
99 550
406 422
579 464
800 968
653 362
322 753
470 195
951 69
352 975
59 632
398 295
98 917
389 39
67 350
926 214
180 615
697 238
589 112
788 147
269 283
948 793
919 294
356 304
316 217
686 381
207 107
981 217
379 922
989 164
417 697
400 356
537 664
528 932
442 675
196 439
578 993
188 968
457 770
134 985
449 563
419 928
866 167
642 37
623 773
809 646
189 45
77 598
152 414
939 714
216 144
381 270
871 218
765 553
306 197
715 981
609 431
936 937
441 269
611 850
793 411
406 743
170 916
759 337
11 923
836 565
229 764
280 694
478 654
841 217
695 89
420 775
314 934
518 7
922 481
219 728
27 722
466 398
637 490
679 830
433 404
505 775
640 966
842 758
823 821
992 202
457 740
684 93
326 398
318 783
275 410
546 721
873 615
823 55
489 192
159 735
678 182
459 511
810 429
298 819
796 387
278 865
981 905
216 728
198 493
500 754
805 150
471 955
700 623
922 335
541 883
714 561
196 659
186 968
250 115
90 186
382 375
457 201
476 163
496 412
188 879
872 701
922 806
486 571
765 729
622 86
17 78
932 126
608 448
661 83
93 934
607 907
774 210
868 649
960 442
36 746
601 965
639 773
31 112
142 454
787 88
642 608
457 400
718 474
828 225
169 252
228 119
156 396
857 156
147 524
161 98
842 478
326 583
720 714
941 945
406 844
868 292
778 499
581 376
925 683
358 953
859 817
201 721
532 936
874 827
532 806
777 185
113 25
744 761
710 935
340 854
548 403
25 189
698 96
662 399
367 127
77 752
315 109
351 940
158 339
799 664
599 367
159 52
363 527
884 528
368 663
543 817
662 460
542 82
859 615
627 929
371 411
294 390
473 313
919 469
722 115
940 958
160 270
103 29
602 339
308 109
808 3
457 251
960 573
442 724
612 403
163 179
434 3
872 96
428 377
563 795
893 544
837 723
752 534
935 831
38 141
296 113
498 707
151 45
834 36
891 189
855 403
99 625
70 967
876 910
985 525
203 520
627 615
169 835
205 831
523 211
635 176
249 493
46 353
229 924
837 442
912 186
180 264
110 995
716 894
914 949
755 801
647 225
258 68
541 494
25 375
298 959
278 692
712 940
855 572
159 620
695 616
309 221
4 686
636 511
685 903
194 377
512 798
175 622
452 929
91 470
388 282
113 562
440 350
898 957
496 728
497 486
867 694
377 333
435 693
464 830
635 623
653 303
178 571
807 542
749 176
396 728
364 850
865 851
41 369
520 764
478 868
906 669
742 986
47 346
837 419
912 177
227 600
378 310
643 620
200 898
457 20
938 912
316 796
23 648
962 660
212 928
35 307
642 802
908 611
624 412
647 55
939 973
617 986
906 264
84 151
47 485
103 559
585 308
744 862
380 349
747 172
787 954
419 33
94 471
919 514
149 323
878 179
524 575
740 235
504 439
13 62
857 430
362 957
672 622
556 450
889 664
630 526
367 332
632 937
576 283
257 827
152 957
105 772
357 683
858 701
433 139
895 528
343 311
326 277
512 914
915 840
807 147
810 206
167 48
211 701
99 885
730 627
654 424
654 797
161 511
324 605
841 970
127 902
609 131
772 713
438 408
566 713
991 809
192 333
331 225
529 511
499 560
906 366
58 167
239 872
221 578
787 941
787 442
687 90
607 663
558 48
86 761
855 997
110 702
842 807
239 867
992 83
59 908
114 804
478 285
777 439
433 45
857 610
727 910
301 199
138 763
472 556
841 598
881 251
755 820
497 612
26 911
314 191
153 368
869 479
616 717
627 550
647 19
74 387
967 13
38 862
745 811
858 471
918 937
225 340
797 728
855 454
256 988
305 494
249 725
446 761
184 62
420 167
754 297
172 679
138 954
985 367
12 166
427 131
325 238
752 86
551 485
240 373
535 431
42 183
633 360
944 952
104 269
486 819
927 619
567 638
174 298
483 54
630 465
188 726
815 650
362 334
657 374
979 798
418 674
864 131
240 536
616 251
260 491
558 214
871 53
13 216
537 157
89 274
841 693
842 269
365 912
60 616
855 549
299 660
409 513
140 221
748 10
342 353
641 267
534 62
849 283
420 250
374 251
263 902
18 898
486 383
786 49
940 507
418 416
221 55
497 534
846 928
647 138
371 13
778 384
63 993
690 683
379 995
583 930
68 544
751 506
794 598
130 820
491 785
700 849
42 391
26 768
467 338
763 685
857 314
569 699
586 635
236 414
610 578
994 741
723 980
443 195
372 91
581 105
985 414
269 952
73 917
883 337
756 193
829 192
336 764
7 467
542 17
586 393
527 521
507 424
857 462
532 15
291 209
533 306
681 341
440 887
4 672
867 953
951 45
639 2
835 525
32 313
265 436
605 767
505 409
136 429
175 842
427 520
245 299
795 557
586 53
234 834
362 975
844 724
882 611
793 655
688 611
961 667
67 724
232 234
585 988
343 764
942 154
400 757
321 757
991 217
561 494
29 560
410 562
85 14
603 599
967 96
92 363
181 539
443 588
246 590
906 335
578 783
444 580
31 792
508 731
90 490
679 118
789 103
555 44
99 933
155 58
588 220
599 191
763 143
59 326
752 227
382 119
275 923
40 191
314 578
520 233
369 565
523 148
69 952
108 890
356 821
50 72
586 406
841 998
290 273
36 502
810 5
648 248
359 168
83 496
249 421
874 293
69 626
394 876
236 934
486 859
165 665
420 441
662 645
23 321
443 8
617 339
546 859
619 115
896 694
839 622
736 768
896 612
748 850
89 132
624 540
192 525
924 886
232 756
395 250
824 984
640 293
750 457
716 496
511 3
793 616
701 79
850 212
315 598
134 563
393 928
429 471
196 553
345 804
877 520
475 132
148 724
865 334
854 509
460 850
357 762
446 773
381 946
876 663
823 461
582 369
826 313
607 769
80 43
278 631
427 843
727 348
87 248
308 667
101 267
108 601
115 177
309 419
330 559
891 408
224 144
497 470
136 207
94 841
816 57
585 614
911 442
65 993
697 445
716 495
735 285
630 952
350 821
284 530
977 10
80 670
444 469
356 494
504 495
68 144
51 376
328 849
714 366
67 638
346 644
609 412
184 652
497 602
367 819
836 368
1000 667
963 559
729 432
899 337
198 839
569 469
570 663
203 482
648 117
225 516
889 621
11 129
696 353
326 492
56 75
353 831
990 903
510 952
11 293
519 917
155 340
961 131
63 264
304 223
762 24
920 421
344 187
933 914
347 134
917 355
946 598
649 22
467 973
449 29
430 41
312 708
36 928
716 117
845 543
528 333
428 588
748 499
676 144
996 453
420 793
205 936
990 991
208 910
816 88
998 176
711 937
32 769
413 337
622 177
966 914
570 411
517 752
339 374
255 766
591 894
298 243
246 784
523 502
444 222
688 560
911 392
750 672
397 136
795 223
384 350
404 334
26 665
873 161
63 572
889 797
670 506
690 931
106 900
801 684
434 322
398 29
825 952
146 78
130 587
348 182
958 166
974 230
80 470
744 168
10 283
229 405
156 923
356 952
68 21
161 523
401 910
474 185
20 976
739 269
592 859
960 832
334 319
522 516
744 55
231 454
379 473
656 893
531 302
164 269
819 941
629 10
497 505
867 669
443 116
769 86
706 773
786 834
397 980
126 934
677 73
570 21
219 417
238 511
224 495
242 962
789 923
634 739
1000 170
1000 820
527 971
822 969
492 945
271 999
510 318
275 480
848 494
422 337
237 754
926 268
750 592
646 39
827 473
828 457
960 268
317 129
173 252
618 78
417 166
323 531
875 565
732 817
932 127
954 403
286 537
754 929
568 850
131 664
647 99
135 757
172 718
670 341
160 14
287 462
316 62
532 286
440 900
810 88
738 726
99 19
854 732
278 197
142 61
843 589
695 484
608 310
257 67
225 12
448 182
370 27
688 643
726 975
709 141
380 819
964 533
804 525
878 762
772 726
800 498
384 318
314 135
935 852
43 601
190 664
672 119
249 887
414 186
532 182
200 713
441 118
153 518
117 509
634 201
523 928
304 694
85 191
913 441
472 791
750 238
400 217
589 201
771 945
920 405
161 478
543 494
676 293
983 680
254 265
74 147
990 157
393 668
851 64
489 276
455 277
579 92
50 657
182 604
103 28
710 12
824 736
372 847
398 662
348 965
756 251
315 244
832 922
334 197
872 684
484 879
305 619
32 813
450 628
70 949
50 468
473 474
308 586
347 74
112 64
478 158
579 295
525 949
303 282
234 456
496 746
976 648
661 213
439 220
58 905
478 297
443 281
906 659
687 499
16 384
416 997
308 307
381 963
113 173
224 355
77 959
153 758
687 526
597 322
227 421
132 713
762 6
196 649
931 886
813 753
53 182
823 598
24 570
539 294
25 487
830 157
869 308
134 802
854 456
460 730
70 943
415 739
641 96
491 972
38 752
435 999
686 95
372 995
47 953
155 968
512 617
637 31
591 413
756 777
278 168
315 926
905 223
889 962
672 190
634 500
140 137
966 5
128 506
532 410
845 919
739 547
930 826
939 37
705 493
9 867
672 45
321 945
892 3
359 729
234 280
568 547
381 215
221 664
486 956
331 376
280 683
8 272
151 376
887 327
738 361
207 693
752 202
290 393
788 504
674 355
811 508
575 111
476 410
262 564
502 937
654 143
799 241
16 266
643 154
184 725
245 883
810 962
315 480
794 952
890 853
616 407
819 944
624 734
397 356
381 981
954 706
496 33
388 727
6 802
579 51
942 501
754 728
323 922
626 10
345 329
174 902
661 14
256 33
113 971
919 452
977 892
315 885
264 993
134 796
410 317
122 86
156 543
964 987
895 881
882 486
540 355
520 540
397 262
791 272
82 811
855 441
754 409
72 718
198 425
970 235
254 544
966 509
167 524
787 317
888 37
710 217
582 802
930 652
733 654
370 862
518 655
925 436
25 188
405 659
745 269
710 423
418 208
551 635
678 65
755 283
642 467
922 703
127 436
154 293
154 158
815 168
620 893
605 516
362 726
38 741
610 250
425 554
900 935
43 177
958 111
559 183
944 132
545 218
655 21
658 753
598 224
733 534
185 621
650 422
777 447
9 773
563 490
156 940
446 871
392 491
512 119
250 36
200 952
442 769
866 946
558 691
609 302
889 19
446 104
545 804
66 628
859 122
843 116
749 519
842 187
165 598
740 116
633 22
282 684
923 470
264 292
502 771
446 524
290 402
1 378
438 282
261 696
688 33
175 270
262 537
875 251
307 128
470 348
572 313
496 199
793 119
791 452
297 768
890 283
289 725
50 632
255 693
715 156
589 549
678 437
156 748
537 122
820 197
919 270
842 30
740 886
433 32
964 871
892 39
160 872
237 587
702 651
293 644
342 586
593 390
874 657
304 798
873 918
206 353
951 391
414 604
878 481
155 689
644 377
954 900
457 676
404 872
652 860
231 767
946 577
428 808
981 398
14 145
397 311
553 673
180 655
457 994
441 485
934 86
576 411
599 67
983 480
34 364
531 150
754 830
25 348
444 30
23 676
462 945
49 979
488 642
512 244
531 263
805 492
18 974
613 731
990 509
477 875
187 496
666 621
204 580
745 574
944 218
671 834
232 348
486 763
171 564
824 292
275 917
517 254
790 52
385 408
349 736
246 941
864 790
877 570
581 684
140 793
570 223
575 675
812 93
482 997
102 442
748 963
108 526
180 506
146 310
413 590
704 719
685 68
172 480
707 491
1000 564
31 716
359 755
51 2
513 243
108 49
939 550
577 627
990 606
954 592
276 15
478 934
795 604
466 197
245 248
372 496
389 702
164 541
984 72
135 883
845 580
415 121
791 520
4 974
747 675
297 746
63 539
65 168
381 953
532 263
382 818
458 668
257 20
205 374
133 383
671 535
100 998
637 651
825 269
722 867
398 312
275 47
460 151
211 473
260 886
338 223
84 783
744 811
34 209
838 952
734 268
977 709
772 804
403 902
246 753
906 454
237 266
582 606
289 901
491 753
163 956
358 437
57 852
714 448
385 490
613 188
762 659
707 270
466 535
323 879
34 947
697 292
790 268
672 431
204 761
958 840
649 604
173 262
619 218
871 709
379 580
12 798
87 737
533 742
783 646
750 652
361 496
22 544
877 44
890 757
891 734
257 295
487 507
110 327
661 61
790 549
402 410
204 69
204 530
189 844
923 68
438 165
483 6
581 187
838 908
161 235
894 327
677 572
662 739
124 693
296 56
538 731
832 154
150 685
561 391
796 893
232 523
343 973
984 570
132 773
661 287
994 972
846 789
885 454
745 307
429 714
781 64
433 527
855 516
568 62
948 727
558 655
383 338
920 337
326 208
360 675
316 73
552 887
219 293
16 112
475 127
485 467
459 185
612 65
244 622
743 937
572 853
581 767
985 337
868 670
340 202
414 675
915 122
268 21
809 493
795 7
172 804
690 211
46 320
943 562
790 76
160 105
788 16
678 368
221 507
738 199
695 329
342 625
632 861
464 490
458 653
56 28
763 943
379 594
692 564
969 598
896 338
245 699
963 673
275 832
702 506
521 318
703 2
887 364
850 327
835 721
775 205
395 294
472 457
381 145
331 313
555 580
681 769
252 28
505 22
977 900
318 674
500 432
545 17
800 263
857 359
401 694
290 786
739 220
540 876
388 1
210 724
799 993
393 986
805 190
603 538
488 88
180 247
171 654
273 266
661 732
714 506
847 288
328 533
351 154
171 93
464 473
746 693
255 71
178 892
840 199
309 849
532 623
220 377
93 741
594 513
149 117
758 820
816 741
690 44
777 636
537 281
359 268
293 162
418 747
805 973
184 580
457 746
573 353
574 369
206 378
649 926
9 575
194 975
781 137
32 451
280 820
34 443
380 403
823 249
863 907
581 327
153 932
316 48
343 98
178 996
472 580
758 811
172 241
109 519
899 924
590 192
60 859
868 597
709 746
478 793
813 447
715 434
963 974
429 331
16 43
401 219
80 811
109 845
878 805
402 930
666 544
405 802
427 950
27 685
842 452
729 571
639 24
441 711
288 831
435 205
844 663
475 617
648 933
685 811
389 201
796 188
911 84
858 572
401 672
808 224
240 994
825 375
534 597
532 474
608 748
105 131
425 293
603 616
710 844
824 875
397 383
787 276
219 470
457 103
909 431
828 82
417 341
649 283
632 445
835 406
925 883
451 148
990 265
398 859
951 195
347 881
611 979
99 870
430 654
473 462
851 778
865 351
232 261
50 833
342 131
639 860
402 44
977 320
820 218
406 465
938 517
818 817
172 166
106 623
334 914
278 98
804 185
558 113
437 107
735 820
132 962
29 811
940 374
905 615
778 757
112 737
873 736
359 597
286 335
641 921
946 516
798 462
576 525
404 158
723 773
415 235
101 616
909 168
967 988
752 334
806 474
788 177
369 914
723 703
558 177
970 658
636 944
602 151
99 532
527 766
306 462
42 933
240 508
437 702
551 581
794 75
888 418
579 294
690 648
546 165
468 145
342 320
841 44
548 928
898 742
631 586
521 52
868 776
216 577
300 570
191 37
907 771
236 800
361 119
197 462
418 675
364 543
751 93
401 118
440 902
242 127
558 660
619 757
542 903
789 894
59 693
140 687
608 487
471 817
365 462
113 317
385 304
354 500
650 185
407 41
379 641
413 663
659 718
416 708
35 213
938 713
484 704
384 812
808 311
7 757
984 7
471 675
87 587
823 221
883 827
331 595
846 219
464 776
815 776
634 516
446 318
530 744
486 337
425 199
651 706
216 674
257 994
354 231
315 148
25 177
613 528
878 28
722 226
318 508
193 560
388 600
12 409
712 362
966 405
696 164
697 717
290 725
679 816
866 793
869 129
208 953
293 682
963 54
63 501
158 589
13 374
913 553
146 566
759 341
809 577
274 665
455 801
974 819
918 524
300 665
82 817
47 833
836 307
23 513
142 570
158 268
878 437
722 538
292 501
55 192
991 768
975 399
83 917
156 402
981 495
13 962
230 141
933 817
327 230
592 808
204 422
593 724
716 764
25 186
8 222
706 598
686 20
1000 959
106 673
740 109
52 783
140 280
772 894
138 452
258 455
352 406
152 744
392 183
836 936
236 659
639 851
250 573
320 313
571 333
662 563
238 673
578 182
646 311
610 945
4 545
688 52
1000 470
548 538
365 843
12 758
676 605
440 936
466 457
575 492
812 986
687 213
297 96
379 685
103 772
864 46
159 758
715 225
642 131
4 646
194 183
977 646
850 469
461 959
995 201
157 390
546 215
838 745
396 412
948 345
732 30
290 722
771 288
661 449
882 741
60 764
866 811
797 726
689 386
284 500
565 682
620 894
472 844
274 170
42 745
290 817
203 256
866 638
449 761
175 185
361 450
315 492
587 137
401 193
607 218
938 431
464 725
207 669
255 756
47 649
622 414
379 674
967 119
291 805
691 792
712 48
255 364
26 577
836 858
890 128
446 674
857 121
396 549
642 543
437 797
188 493
795 432
407 377
264 293
836 926
359 905
802 199
323 399
733 50
971 267
771 704
114 312
855 504
338 465
135 812
836 813
528 118
626 601
161 166
957 288
200 412
239 883
865 288
842 718
187 195
479 385
561 901
882 670
397 334
801 313
252 541
328 470
56 368
580 831
612 923
815 495
647 798
1 840
252 147
104 71
747 85
161 384
985 914
952 501
893 797
206 920
403 447
701 892
206 266
11 663
579 182
723 76
656 744
396 217
759 683
770 55
662 708
555 65
430 909
316 987
282 720
190 996
689 368
469 3
552 731
587 368
696 953
169 884
280 934
778 267
204 665
498 515
800 594
301 816
599 263
689 526
414 465
180 508
695 559
292 120
956 199
978 651
109 484
700 462
502 84
548 952
666 785
896 239
269 897
847 310
204 998
260 475
763 499
744 126
662 293
569 117
770 14
631 742
67 675
689 166
874 529
303 212
539 837
219 819
667 744
963 475
112 673
612 375
884 508
26 555
883 574
651 366
748 378
564 901
104 507
344 394
100 566
698 376
754 365
257 387
612 905
461 494
652 698
610 170
487 254
340 190
106 274
472 953
95 540
531 105
386 802
100 329
261 476
926 310
959 192
67 590
502 222
947 127
894 129
498 190
605 210
932 422
861 72
114 496
990 35
239 697
650 627
225 721
137 537
245 798
249 672
749 125
842 439
74 64
130 613
517 119
74 116
674 853
985 605
959 491
946 950
265 833
140 736
804 997
290 670
74 211
775 162
681 924
541 501
298 568
812 767
388 332
829 150
500 646
130 120
178 533
181 984
662 638
466 487
684 559
444 107
210 495
977 270
211 570
488 512
303 928
749 304
758 192
988 213
639 106
530 518
351 415
788 200
940 848
939 728
756 969
619 761
946 389
433 335
324 650
676 615
36 956
842 343
23 986
113 156
573 115
296 961
404 290
706 220
778 467
687 255
410 73
817 962
454 251
710 761
676 364
640 743
787 759
420 789
275 55
973 445
296 848
892 926
427 272
572 376
156 716
68 73
911 226
896 244
753 266
476 540
423 409
631 916
134 84
65 776
742 706
565 355
83 717
436 804
916 223
966 411
298 158
320 821
689 201
779 647
546 255
583 859
620 999
244 968
896 18
985 537
26 135
629 484
810 590
194 728
502 1
824 868
859 726
848 266
258 717
404 227
97 44
777 719
813 302
26 96
375 949
68 507
323 117
654 987
306 893
219 465
164 281
178 897
41 549
977 955
326 449
954 804
488 195
867 914
343 223
678 861
139 719
115 958
576 301
225 305
600 270
181 184
873 523
20 880
54 619
92 730
290 997
791 905
331 211
829 251
80 806
132 213
930 264
451 845
14 577
239 522
149 766
59 807
317 141
345 737
858 493
891 573
397 53
255 906
83 131
438 675
8 645
203 362
331 305
295 192
873 4
813 440
542 654
29 820
106 627
264 170
16 673
394 183
273 376
43 881
292 937
206 852
579 474
815 421
401 205
818 916
229 616
219 327
655 76
931 719
804 327
676 916
626 803
695 970
791 668
171 649
787 832
380 756
902 597
278 242
403 391
288 741
477 815
406 800
425 940
280 500
279 819
84 375
1000 536
801 22
710 936
433 92
487 481
824 241
939 540
845 655
967 475
130 212
42 537
667 432
226 192
743 48
967 690
671 354
692 424
710 827
290 107
641 704
555 774
555 461
938 479
927 917
939 708
71 186
63 242
925 243
647 349
530 334
400 439
720 283
792 621
499 726
772 658
834 783
946 853
818 30
672 893
892 422
983 402
397 669
161 514
219 727
787 818
951 197
903 411
425 616
200 252
636 931
160 748
766 220
695 192
291 115
810 861
279 71
83 702
652 104
429 982
66 560
765 28
893 199
380 561
641 729
4 769
841 655
811 860
405 98
25 615
546 941
526 826
730 804
503 666
641 903
396 701
418 536
164 362
89 567
457 102
901 355
206 28
800 56
466 492
950 276
34 66
882 838
221 118
538 168
918 905
280 13
64 319
942 78
449 477
692 271
394 630
140 521
34 4
981 112
991 398
447 949
975 2
745 501
174 295
178 516
639 346
507 269
948 413
748 868
648 921
611 294
333 980
450 730
836 670
563 126
926 166
692 922
307 201
716 769
95 706
952 711
112 292
585 127
278 15
564 958
246 462
375 628
603 657
134 480
416 170
236 765
642 664
627 897
828 473
987 98
138 228
730 414
268 197
134 809
194 934
448 917
433 71
512 935
552 11
791 785
148 929
755 430
367 129
26 840
300 676
300 318
232 711
569 901
103 252
106 738
381 293
662 670
977 289
350 251
114 822
649 78
368 719
64 111
646 452
174 398
620 569
895 186
951 119
456 713
847 322
203 922
987 129
576 202
759 673
423 732
587 560
924 71
301 415
125 484
63 7
159 683
787 402
880 848
971 557
774 336
700 43
918 86
246 831
500 766
229 581
964 42
638 956
676 12
697 564
534 166
35 96
648 924
828 983
462 253
552 248
781 737
361 494
762 177
930 660
77 321
825 293
754 197
749 739
593 321
560 956
613 654
279 654
667 353
854 168
927 34
838 54
35 784
587 303
18 405
92 652
828 120
522 456
244 887
904 600
606 213
286 931
140 26
692 543
324 388
913 798
861 565
271 682
402 903
371 364
108 737
635 424
47 979
191 734
103 157
50 875
787 282
987 253
699 378
459 105
350 663
815 931
429 826
563 667
748 595
252 213
579 300
814 493
642 22
92 65
989 205
457 485
68 809
601 668
47 817
887 724
180 281
734 238
275 7
415 201
787 727
279 329
500 861
157 833
156 975
588 880
379 75
967 17
806 827
129 288
289 191
904 903
298 738
888 329
116 730
564 761
194 124
379 846
752 195
89 655
661 995
289 903
297 304
812 616
104 369
893 697
790 706
587 332
19 339
751 689
954 303
344 633
252 862
303 802
672 447
427 168
446 615
798 514
801 302
778 597
891 525
895 81
582 908
236 799
536 120
517 442
632 44
226 943
100 31
597 711
229 620
56 891
52 218
234 709
236 972
787 860
273 201
17 69
977 107
443 89
372 33
265 439
601 122
464 592
125 226
857 436
492 683
181 875
241 493
592 403
77 127
918 543
640 746
207 346
842 235
134 595
911 860
451 523
834 241
714 327
387 494
849 436
539 45
188 53
124 61
83 930
677 769
966 561
869 465
589 554
140 949
152 829
601 148
874 455
140 506
527 254
256 900
754 41
733 277
38 852
563 651
780 51
812 683
228 728
427 335
838 943
982 885
659 565
397 118
181 185
92 146
383 93
38 167
312 562
13 17
874 102
600 482
356 462
947 805
585 106
641 115
125 876
707 302
865 892
791 971
149 17
104 932
32 627
546 48
394 293
414 2
344 445
52 886
951 721
986 899
130 117
828 28
631 471
522 57
25 711
83 79
975 141
32 234
656 815
752 724
363 248
351 808
950 641
720 557
755 491
234 663
435 269
704 129
455 324
118 766
389 176
103 588
470 817
152 590
914 283
54 176
790 398
42 21
617 753
653 329
279 633
913 398
988 120
328 729
257 642
730 770
591 13
898 192
133 944
113 901
635 111
176 515
429 741
368 30
315 147
517 986
142 333
477 163
888 758
279 792
835 187
582 467
175 987
858 870
608 757
899 288
150 250
26 451
851 91
227 350
743 25
232 649
67 201
383 933
643 669
625 698
898 549
154 431
392 35
800 928
837 485
413 40
876 64
342 748
589 580
240 157
590 615
334 684
25 544
372 649
410 68
232 423
963 573
656 313
776 456
306 766
897 33
400 519
94 219
884 183
558 895
960 154
463 898
906 330
174 723
397 259
198 736
398 899
859 987
312 494
455 286
257 307
828 974
80 207
375 997
173 926
634 781
357 983
50 500
582 613
720 724
345 221
92 388
898 243
762 943
426 655
576 473
221 6
150 657
779 905
154 732
637 736
874 140
855 84
582 756
877 764
52 988
288 997
787 598
990 894
403 682
793 387
614 591
225 833
63 618
873 877
206 650
712 301
823 272
219 757
74 263
291 279
480 764
866 299
97 17
43 957
978 199
617 797
651 698
298 42
229 922
52 162
342 107
56 64
458 931
423 814
724 217
64 826
80 6
51 784
299 732
287 37
487 792
894 673
985 619
612 663
777 958
282 561
962 482
563 549
913 369
87 626
676 608
951 644
7 132
846 709
231 883
922 375
237 554
671 517
247 695
857 44
583 313
363 343
878 783
690 225
862 965
774 790
869 154
599 953
314 27
908 72
639 924
855 766
821 183
808 375
113 509
49 567
188 822
483 958
779 128
945 213
398 914
287 471
986 746
326 123
110 308
537 215
368 376
99 654
459 914
261 350
800 17
82 685
307 673
191 424
1 839
782 197
552 241
489 98
624 853
271 441
421 111
947 451
4 410
178 658
316 404
626 897
619 213
600 897
498 499
54 644
371 835
555 135
918 441
353 921
978 185
11 39
541 862
653 761
301 932
395 156
841 759
468 574
398 675
89 812
152 108
278 843
889 168
967 724
676 519
92 548
552 525
476 862
204 256
385 513
25 915
429 688
102 30
710 148
984 515
23 242
474 721
18 722
184 662
974 553
920 992
643 441
50 732
629 218
925 145
304 491
925 775
872 744
426 705
769 218
45 910
256 504
368 93
60 822
386 193
443 621
200 177
805 130
465 3
502 711
410 644
503 940
159 259
478 598
271 176
57 329
964 454
648 953
540 767
960 416
523 36
634 801
874 746
927 435
408 764
954 330
236 952
592 22
4 599
556 625
632 322
979 928
288 660
837 973
342 405
324 736
787 264
215 900
864 917
349 744
422 230
336 713
500 884
356 622
11 502
142 876
381 55
770 195
149 840
204 29
97 61
392 827
169 917
778 43
927 299
927 870
12 916
215 176
367 386
695 202
697 543
871 328
756 468
701 682
6 544
57 777
483 616
743 51
266 949
67 105
602 43
591 235
343 673
552 422
179 166
130 942
829 720
758 980
457 933
500 972
963 492
727 543
599 458
109 367
328 732
1000 583
312 804
278 457
150 498
677 406
742 909
800 644
639 638
693 199
35 708
70 240
861 720
181 915
438 884
130 61
609 492
804 61
533 84
710 479
747 611
169 523
489 970
382 636
382 49
700 223
837 625
171 431
101 988
464 760
142 601
466 609
198 900
824 563
109 62
54 376
596 33
888 592
795 492
407 311
109 37
84 93
174 396
103 350
841 945
697 148
163 157
734 243
204 444
672 675
829 420
779 907
483 696
477 725
999 213
998 935
172 827
793 589
371 807
794 691
616 493
272 968
607 400
666 553
206 475
667 839
326 69
670 645
275 373
503 955
586 598
878 616
477 843
596 876
942 848
70 703
417 910
548 494
992 767
989 225
259 732
788 739
575 921
637 601
302 937
114 251
526 375
985 617
752 812
799 57
56 734
60 652
517 69
497 636
718 684
814 919
171 767
889 115
104 682
991 915
910 870
512 721
765 929
342 41
222 266
236 49
884 818
255 833
995 932
572 55
796 179
851 789
799 764
751 76
893 572
180 850
351 162
126 213
92 912
589 366
884 833
420 143
742 972
460 243
421 973
245 190
870 281
999 997
677 923
198 12
381 292
473 515
455 631
832 699
543 725
320 469
526 773
670 942
565 886
657 509
38 99
24 910
455 421
267 550
923 645
874 480
869 588
56 737
456 238
572 127
257 451
296 802
152 39
614 486
153 274
836 241
872 107
429 943
692 286
998 928
676 13
16 630
623 701
771 348
938 695
534 439
387 538
579 868
87 340
878 962
198 7
759 419
440 465
296 11
583 225
775 856
444 131
264 212
671 588
671 923
643 393
490 321
822 364
555 185
404 174
449 667
426 546
703 588
697 499
395 651
867 668
933 588
716 86
614 985
4 848
767 312
442 263
244 231
740 812
706 972
874 378
620 445
632 185
360 731
863 105
606 248
397 838
130 327
38 324
643 940
354 819
939 651
779 894
635 213
434 588
240 856
534 950
752 407
287 561
164 186
334 759
26 714
888 33
998 431
247 711
378 217
878 576
35 792
643 898
388 164
755 598
847 276
749 538
80 419
572 821
978 337
505 269
6 547
548 761
958 330
303 147
352 611
102 254
188 473
388 267
249 221
908 15
488 568
676 699
933 112
342 598
588 141
203 674
983 345
384 525
22 848
900 955
279 39
153 90
889 301
762 37
285 663
579 174
530 274
614 430
98 355
142 425
381 463
517 605
458 265
850 668
404 205
204 674
426 222
961 438
915 918
375 348
219 659
897 399
189 24
172 48
581 321
67 282
103 61
323 507
287 202
705 953
500 541
113 915
256 584
222 64
167 186
139 759
577 698
634 128
963 212
982 5
858 31
417 168
219 945
939 646
789 944
55 833
155 797
542 711
228 254
262 549
34 460
856 41
912 267
676 905
913 12
87 419
438 76
624 940
324 792
352 141
153 460
250 892
640 866
1000 776
694 197
417 796
219 863
608 483
91 965
991 409
153 778
317 519
915 207
51 48
763 993
74 934
395 537
112 2
451 539
616 61
983 338
780 112
176 185
572 673
694 490
623 282
271 241
607 523
150 653
924 157
836 17
546 222
380 611
16 737
52 933
539 907
478 900
390 48
887 6
413 299
356 1
56 875
457 52
964 797
568 30
788 697
197 251
627 390
859 263
134 666
591 739
813 154
101 717
924 419
67 264
468 554
285 414
395 742
825 111
185 853
717 724
938 182
646 143
642 373
248 916
263 270
582 167
257 284
342 269
558 796
380 381
255 627
203 291
904 798
714 119
608 667
583 188
587 370
342 746
217 168
40 527
206 250
222 283
334 682
935 378
388 762
11 8
231 685
967 536
822 496
236 773
807 179
786 454
132 377
449 564
558 885
702 148
137 626
210 360
100 367
639 575
613 131
399 327
16 561
806 804
822 474
470 723
593 775
686 25
689 286
502 197
723 949
556 509
531 377
135 370
295 988
884 335
249 71
320 407
548 550
914 879
898 360
828 188
774 32
44 627
423 537
890 895
248 302
1000 211
410 574
780 657
512 95
513 327
568 609
161 996
40 901
20 366
498 732
225 66
189 625
326 77
46 288
912 900
648 86
103 955
930 442
34 670
878 7
402 529
677 262
161 608
517 598
702 209
171 897
387 732
890 932
299 821
543 436
818 168
363 563
569 124
68 910
989 177
726 122
413 239
847 728
650 625
67 703
778 71
904 10
745 8
194 459
50 68
178 17
995 251
396 945
863 568
296 391
347 303
151 795
579 421
696 560
446 717
152 826
361 762
857 669
605 860
349 223
435 124
823 959
533 320
865 949
95 723
522 979
43 230
47 540
328 81
875 1
50 755
269 253
478 590
863 771
113 944
722 826
116 411
667 797
82 877
139 721
671 136
369 144
696 604
306 399
43 965
934 447
371 207
461 188
989 567
229 277
672 319
781 243
156 609
786 565
566 554
95 30
56 415
205 183
478 800
635 974
579 973
690 760
927 229
859 723
588 901
271 491
954 69
40 632
828 622
667 318
960 292
985 604
135 971
852 431
356 705
512 802
527 218
103 937
786 983
876 802
492 879
273 243
510 480
205 515
823 238
618 924
324 923
857 973
397 828
309 613
625 684
420 568
56 673
738 389
815 811
354 763
690 941
291 225
782 831
103 10
142 37
877 387
56 881
239 670
959 899
846 575
352 167
977 610
595 111
379 606
641 554
738 330
829 295
274 897
546 807
701 806
480 768
228 937
925 616
113 262
984 177
153 396
178 738
788 926
1 292
390 773
261 309
233 597
690 392
258 502
340 68
163 944
306 385
491 48
1 341
633 339
262 348
444 535
891 473
326 276
912 663
432 956
988 495
255 749
808 157
58 612
449 33
258 760
591 915
480 936
942 456
374 213
46 694
526 267
112 897
69 164
87 325
783 664
533 757
167 122
59 199
990 308
556 844
443 19
834 708
999 76
676 227
272 217
705 6
113 528
113 527
496 903
35 266
690 387
157 253
927 434
478 471
966 801
697 467
117 673
629 190
443 241
118 968
467 525
67 240
465 511
894 711
736 962
271 922
786 44
59 282
60 428
403 892
276 143
100 72
869 582
353 414
302 441
291 813
864 683
930 452
552 137
181 905
950 777
476 628
397 96
151 737
181 624
69 186
634 269
671 640
765 144
772 383
342 116
387 131
293 470
651 493
359 408
80 163
707 669
985 707
728 132
943 604
103 211
486 217
896 517
329 644
736 196
989 601
403 353
80 306
150 693
637 849
54 22
46 778
151 944
34 297
966 742
974 621
236 967
841 783
844 633
617 885
576 231
503 711
977 130
371 655
9 176
38 226
194 547
360 30
505 367
233 658
896 766
68 86
973 737
354 957
720 886
686 400
925 19
46 563
924 21
892 535
927 677
253 501
423 811
20 74
438 297
817 243
293 831
672 533
999 445
488 613
178 84
855 315
324 797
533 937
825 272
790 770
148 441
97 876
421 843
133 870
23 523
427 73
618 364
31 945
609 731
288 377
791 456
720 719
479 403
404 613
165 218
558 503
27 822
466 640
985 656
236 556
417 281
352 485
914 514
239 547
677 165
461 549
151 162
206 582
923 496
429 956
855 288
94 93
855 666
777 773
530 412
57 355
148 465
849 143
650 456
706 253
652 468
834 403
871 292
907 958
180 328
50 975
308 593
986 997
990 701
518 276
966 324
558 986
478 895
466 865
356 120
49 762
451 698
552 604
362 259
108 342
328 399
906 500
662 884
149 687
204 833
425 116
99 109
155 600
835 545
379 627
430 621
553 957
491 826
235 209
455 336
402 348
296 231
169 127
813 265
336 147
890 550
779 76
211 459
583 521
545 439
1 854
401 329
661 539
751 651
345 54
95 270
294 761
553 783
835 227
393 317
618 217
14 506
416 906
788 552
510 196
220 615
572 190
611 228
837 295
647 482
950 235
227 88
58 303
624 436
468 854
985 36
258 240
836 82
716 826
368 605
791 674
280 569
406 644
480 843
9 894
983 705
106 448
948 335
950 127
368 684
983 297
169 941
591 694
409 68
686 862
891 216
278 447
308 696
180 766
202 693
884 937
618 830
865 807
940 208
852 741
688 915
289 565
712 762
620 931
602 470
19 659
104 970
331 421
814 414
623 929
102 638
32 81
326 279
861 845
863 759
420 984
657 230
403 746
551 729
978 683
796 19
166 968
865 444
91 144
161 513
569 561
824 295
715 648
705 62
536 592
510 742
629 957
798 170
672 581
188 499
983 250
527 713
488 573
479 193
458 444
883 62
885 724
889 299
464 741
104 268
547 288
423 241
787 589
19 664
347 674
596 745
576 391
779 974
925 174
555 13
640 276
768 674
359 943
492 597
398 764
699 90
789 655
884 665
418 738
740 264
890 704
943 501
106 684
506 713
401 67
379 598
735 706
77 243
331 696
371 375
387 762
869 151
463 848
266 2
747 240
433 421
358 809
7 973
970 132
878 517
347 536
898 904
911 905
277 215
794 419
134 21
670 616
317 726
873 560
529 387
132 544
514 929
732 251
911 617
145 378
272 997
947 997
349 250
426 324
576 279
599 991
613 702
236 586
670 122
358 445
426 728
271 542
643 577
42 946
439 852
978 230
854 957
396 186
911 229
35 292
878 669
990 614
989 486
774 531
868 713
540 126
815 962
801 945
969 764
842 728
438 617
658 566
165 570
809 732
576 511
410 837
951 912
643 545
153 616
31 522
486 238
142 124
646 117
701 467
335 515
108 201
944 957
993 467
816 114
983 494
752 277
983 441
552 860
989 825
828 588
150 127
280 970
134 302
279 772
140 500
31 359
549 784
70 198
626 559
203 706
545 263
592 509
662 850
208 348
151 212
101 442
100 556
620 427
820 168
640 233
35 186
707 373
394 317
117 53
405 975
181 160
451 254
140 871
344 272
576 621
813 566
590 731
510 700
710 72
171 14
687 228
297 62
410 998
69 605
35 782
125 987
914 448
717 55
555 164
76 706
81 285
335 62
110 750
638 445
840 628
912 33
107 439
898 441
951 208
80 536
462 183
942 125
484 224
927 260
714 881
273 860
92 432
442 630
702 183
835 498
796 424
634 703
765 525
380 635
324 664
664 21
169 729
556 862
8 657
357 231
946 899
356 915
583 332
206 942
762 501
175 797
573 214
246 714
5 335
816 959
579 19
762 880
9 735
657 784
838 154
74 61
239 940
954 24
130 253
774 690
923 117
428 327
709 391
92 578
402 115
95 345
443 808
260 930
300 631
652 412
194 772
987 704
417 504
145 937
330 785
189 145
294 956
629 700
642 445
463 74
637 501
689 706
904 369
123 330
364 48
998 674
954 176
175 609
810 739
888 767
498 682
924 965
113 102
121 144
446 602
13 674
927 135
964 915
694 182
788 659
74 976
718 914
938 185
211 491
760 313
9 432
601 726
541 994
301 125
447 482
548 210
394 567
316 351
397 724
289 459
76 771
517 227
527 876
44 724
899 166
870 157
415 373
174 356
359 461
142 743
159 591
676 635
164 14
308 957
989 289
991 205
519 223
315 286
578 98
273 667
211 737
910 93
786 586
221 680
891 817
79 197
440 573
679 879
404 829
488 222
996 901
939 575
560 355
894 524
278 489
13 731
358 884
575 333
788 905
958 753
699 318
426 822
887 199
335 186
997 853
174 252
766 929
394 574
414 693
18 847
555 799
679 241
976 827
297 727
164 361
686 588
908 868
781 242
323 851
359 458
913 954
401 592
57 22
789 845
204 355
95 1
196 270
685 33
577 952
889 75
299 516
300 923
247 842
690 770
603 696
505 901
876 199
877 207
805 306
602 111
718 550
402 263
405 709
155 69
159 24
585 211
140 617
975 122
768 375
473 741
56 73
681 186
239 630
352 696
326 570
974 432
888 380
688 105
869 369
339 785
429 442
396 850
54 809
869 715
367 274
594 383
260 66
197 879
247 359
429 768
977 821
196 490
548 604
987 494
697 996
865 933
113 138
666 928
290 613
189 115
150 495
960 114
63 922
135 121
906 999
451 617
458 907
824 706
329 959
91 776
231 208
609 256
142 342
28 311
408 436
904 537
845 15
466 995
450 508
639 105
876 333
920 641
695 701
510 87
809 969
20 491
450 916
219 648
26 293
246 711
693 243
35 561
180 241
54 481
757 917
954 943
540 373
960 533
280 210
134 550
835 96
156 727
250 310
620 985
930 577
471 201
951 660
184 355
239 385
594 627
97 201
331 942
460 432
450 572
262 817
417 553
488 51
855 210
285 571
162 519
716 879
237 290
20 982
457 54
647 678
225 987
869 274
229 504
907 899
583 548
30 881
363 212
529 436
309 432
347 101
518 792
510 932
23 472
499 491
637 529
603 340
791 522
90 769
795 775
797 186
827 562
402 78
277 8
939 381
796 386
429 679
174 384
940 625
752 462
861 461
80 675
702 411
423 565
500 185
139 798
552 735
935 708
240 726
132 759
258 598
832 906
740 771
923 485
815 132
908 554
444 894
129 376
58 334
477 861
245 285
13 81
80 745
870 668
138 51
658 445
360 511
403 208
768 459
89 667
568 538
810 407
63 255
102 453
