16

394 1923
140 226
108 353
258 117
351 143
121 205
251 299
272 185
316 229
30 213
178 194
383 143
167 371
388 108
390 376
390 205
341 76
179 353
164 128
331 106
224 32
242 387
378 195
115 182
391 296
245 187
393 170
362 59
217 353
256 9
153 124
172 296
340 89
342 246
345 18
146 37
183 168
77 48
393 388
286 179
381 111
2 209
225 24
354 179
31 389
20 295
331 321
155 63
286 109
275 211
65 251
68 257
304 247
197 313
307 162
218 32
36 310
384 319
258 175
375 371
75 178
72 226
76 3
93 26
348 262
276 91
171 263
193 377
12 32
136 178
34 37
144 263
12 262
89 103
228 33
234 261
90 14
112 31
18 132
323 73
362 20
331 143
364 253
95 383
65 245
89 227
233 257
126 84
113 193
22 206
309 51
312 148
22 185
190 149
211 112
140 12
13 282
383 219
224 229
317 270
138 118
375 390
241 60
4 293
297 309
214 292
185 34
62 141
139 42
231 245
164 50
25 332
45 316
157 295
309 327
58 57
174 222
88 38
269 47
71 359
55 41
185 365
60 148
120 44
36 298
184 48
308 284
327 208
57 97
9 198
271 66
38 284
153 185
137 106
329 30
203 153
257 350
144 291
60 147
207 300
351 182
324 84
109 309
155 120
265 85
47 190
179 110
237 145
93 119
257 294
277 368
78 142
226 47
84 177
175 218
188 87
384 233
81 388
194 23
286 128
149 136
23 329
5 334
143 282
387 2
378 288
72 234
83 256
248 118
350 302
27 274
104 42
302 77
32 140
72 51
117 359
118 192
264 335
250 56
195 258
180 118
181 352
310 347
317 299
193 296
302 378
141 8
39 215
186 377
360 44
363 72
189 194
177 272
318 116
193 176
302 274
303 63
51 14
73 29
274 339
185 289
42 122
208 313
239 247
320 232
91 20
44 281
103 318
88 184
36 373
365 361
386 388
46 241
212 217
340 278
56 272
238 199
266 65
368 177
117 282
391 236
377 69
381 267
184 238
222 362
88 191
17 133
346 85
311 383
294 285
149 59
259 192
260 210
389 39
176 119
203 312
186 48
153 297
281 284
178 214
33 246
55 342
221 159
95 303
80 183
262 20
213 389
40 154
272 61
11 47
182 52
295 367
333 184
263 205
96 298
178 209
380 290
328 371
201 203
148 115
249 293
207 366
228 382
121 284
131 106
277 23
91 136
215 367
378 33
88 316
217 229
56 240
37 121
361 184
131 211
277 175
319 243
176 323
218 319
349 130
7 24
92 128
132 308
11 170
142 350
329 373
184 27
370 177
391 199
198 48
279 67
216 364
90 333
199 157
347 155
187 151
360 118
286 329
282 332
295 389
45 222
344 127
94 175
193 188
295 282
363 186
258 367
101 40
212 45
316 160
106 37
342 247
20 194
224 56
44 243
267 84
253 163
184 256
257 94
248 360
177 156
159 339
346 374
92 150
75 246
293 51
232 369
101 307
273 207
372 120
83 135
250 227
108 312
171 47
142 17
181 122
257 87
159 344
137 77
342 96
285 274
141 387
37 39
179 375
36 318
377 229
162 372
163 181
74 143
275 2
294 290
353 92
67 273
123 220
219 250
40 386
316 138
88 89
106 344
199 240
383 162
368 249
224 94
261 258
82 148
304 230
175 182
307 179
146 15
24 293
292 206
353 293
100 227
235 294
128 33
389 326
373 65
155 178
174 327
269 332
216 335
142 123
198 116
332 349
23 123
335 389
135 40
302 54
50 55
159 166
240 196
170 198
34 204
126 357
75 335
220 295
95 223
318 33
387 129
277 222
248 98
48 335
68 181
255 106
274 74
183 132
313 93
213 55
159 175
101 156
361 231
288 321
181 276
165 5
150 236
64 365
302 358
125 332
256 228
293 161
156 50
303 205
307 381
273 317
386 116
393 30
158 286
348 371
169 58
315 183
26 14
63 391
18 260
76 18
367 70
353 294
227 349
215 114
373 92
320 88
330 161
331 53
60 26
26 230
36 19
92 208
167 205
137 10
87 282
278 382
104 194
394 241
96 76
318 165
213 81
253 250
143 314
329 135
40 78
242 54
42 171
117 32
194 382
276 69
336 206
50 353
233 7
365 120
204 77
171 329
64 370
356 272
105 221
179 313
320 86
88 178
349 241
182 177
93 208
148 240
5 228
185 77
310 132
353 329
151 250
321 160
12 233
186 212
100 88
214 339
363 1
24 278
5 279
262 240
377 362
198 264
169 22
6 245
242 340
303 392
379 126
308 50
273 240
383 288
40 346
3 366
337 83
321 185
231 289
87 107
269 68
162 158
91 108
96 81
186 264
394 381
89 54
72 218
343 178
372 309
266 307
358 320
92 335
130 44
81 368
137 38
306 301
271 183
46 103
136 234
65 335
103 222
32 58
185 89
60 392
300 49
67 326
68 21
240 111
82 377
83 125
249 306
217 268
366 378
296 157
151 1
63 318
391 221
196 331
270 124
130 284
226 181
304 92
288 171
57 47
249 330
266 232
370 388
312 91
347 165
317 129
288 393
308 15
223 156
286 210
245 282
289 129
370 6
9 292
301 286
138 128
213 7
17 292
326 302
94 282
189 56
388 389
318 393
145 120
239 210
262 111
195 152
374 33
299 246
173 6
139 186
163 48
54 380
48 240
360 119
109 175
347 275
187 275
32 265
30 260
161 335
255 362
313 272
375 86
268 377
35 149
201 253
314 121
49 278
191 352
2 316
239 258
44 236
373 29
92 224
377 272
346 375
242 209
44 18
221 251
156 208
175 163
107 169
109 16
382 328
96 11
44 84
275 69
361 121
308 205
96 250
22 173
337 128
23 151
306 368
380 239
199 357
151 205
227 315
11 208
214 98
370 219
298 217
63 347
174 314
270 35
363 11
191 40
303 153
325 140
53 23
56 346
170 213
50 149
215 248
90 12
92 312
274 256
245 342
120 358
215 105
185 174
186 337
5 101
82 36
66 362
48 289
214 146
163 358
56 353
46 49
104 88
272 158
184 80
368 98
169 87
324 287
35 177
59 23
172 270
155 181
181 35
39 133
187 203
103 375
51 190
198 307
346 21
382 314
77 280
202 346
210 266
282 198
31 264
179 147
4 302
229 143
56 384
133 260
134 146
377 324
214 172
141 196
71 391
261 21
103 54
267 249
160 285
250 156
179 293
93 290
114 306
353 157
392 58
175 332
4 111
91 51
49 216
379 228
59 348
117 206
372 378
363 255
55 136
220 310
41 119
43 279
179 298
343 56
275 328
16 322
34 116
110 140
312 195
357 349
263 242
379 106
18 380
187 9
297 134
300 373
229 41
196 361
384 371
374 75
27 359
74 67
278 89
26 238
339 93
377 214
240 128
225 70
6 333
377 71
19 50
148 89
96 393
9 152
270 16
315 275
154 222
1 6
383 341
39 55
333 139
190 161
319 328
129 273
366 358
205 81
29 366
180 238
291 37
165 382
108 376
238 90
97 188
262 241
339 107
109 279
271 56
155 158
202 273
61 31
24 179
35 243
298 139
79 26
136 313
120 88
84 70
161 93
71 125
289 361
224 321
68 47
92 328
147 15
130 45
294 354
260 278
226 89
211 42
47 101
53 249
366 368
67 126
215 46
153 156
330 122
133 194
379 289
289 25
203 2
262 227
342 6
211 74
332 40
151 350
279 389
355 300
217 275
330 18
64 351
262 188
321 138
85 209
17 228
34 298
225 10
287 230
224 207
111 340
173 251
360 196
254 73
260 58
265 324
286 324
336 10
110 325
302 121
30 258
35 286
224 153
203 385
350 48
315 254
144 390
71 142
242 303
380 176
228 366
87 14
199 159
384 292
76 285
97 299
337 260
246 350
68 282
375 84
114 59
23 201
9 189
335 298
144 110
74 342
111 346
223 380
46 389
174 190
368 214
42 78
80 149
64 255
362 68
220 354
310 40
332 253
387 167
103 122
125 103
308 118
135 323
249 205
346 231
19 106
256 178
203 86
206 193
336 96
263 10
374 326
157 78
119 182
384 161
22 162
189 8
230 257
278 358
159 346
163 327
377 393
12 35
341 302
19 115
247 233
104 265
365 158
70 149
301 204
1 48
332 243
292 78
351 236
253 36
55 167
354 390
286 393
16 157
222 234
4 313
282 135
251 227
197 296
112 240
385 121
373 247
161 152
271 391
3 240
206 393
243 385
336 237
13 279
141 290
127 370
36 72
61 250
132 273
299 256
45 337
175 200
345 194
381 345
273 176
183 24
244 26
350 252
106 94
189 162
50 53
151 223
240 198
331 145
149 122
176 40
285 330
37 79
136 219
196 381
178 288
1 61
365 137
22 223
87 145
105 198
303 350
89 281
147 271
368 224
242 380
337 314
345 394
274 67
258 137
386 114
352 153
98 328
191 79
303 188
33 101
198 290
381 2
256 260
3 231
351 373
244 270
282 246
124 145
108 59
71 193
130 254
14 238
215 12
23 19
103 268
143 319
201 284
22 233
63 57
107 19
332 113
364 386
20 364
294 327
27 143
149 262
252 220
292 392
21 129
210 391
376 174
174 353
199 92
223 106
9 365
191 125
184 314
257 388
25 301
138 385
331 146
317 211
270 102
40 168
349 365
45 116
242 47
173 261
339 101
57 130
314 230
338 215
237 121
139 155
93 261
87 59
95 331
283 238
267 63
159 229
366 12
313 128
317 3
103 392
51 235
382 321
4 211
10 230
263 216
339 219
34 224
238 181
66 122
159 93
81 84
134 222
374 361
12 369
328 38
242 33
359 76
235 194
53 87
56 282
311 233
251 393
363 211
145 36
242 259
387 99
317 307
321 176
342 293
14 262
325 366
318 306
263 40
254 175
355 222
126 336
357 63
314 354
100 172
15 133
271 303
186 280
352 219
316 49
266 336
145 244
238 108
265 373
9 178
28 167
200 110
93 50
313 260
188 317
28 214
268 146
62 118
6 111
389 381
248 52
247 4
197 330
52 22
162 169
96 120
370 4
80 311
64 17
90 135
53 49
392 269
104 119
145 261
23 373
257 355
59 244
261 299
234 114
253 353
262 314
375 163
140 100
359 112
243 30
25 45
129 334
315 103
63 152
98 72
303 292
324 255
289 75
238 352
208 165
263 12
283 271
326 227
219 295
131 284
353 71
273 51
110 63
147 51
41 47
371 359
377 391
381 333
128 95
112 116
62 13
65 290
102 164
175 173
359 384
234 100
202 77
21 194
219 316
384 162
80 102
119 287
124 119
55 169
263 299
302 329
20 108
247 19
44 333
318 329
380 2
203 78
62 214
227 68
211 309
87 133
343 304
166 161
22 186
353 81
317 75
286 48
390 92
310 170
331 371
22 21
160 74
287 386
31 260
109 111
273 190
367 156
295 147
80 379
378 368
383 60
259 140
51 187
14 45
169 196
353 106
238 175
221 141
381 231
74 331
310 173
113 295
77 238
231 275
341 132
108 94
274 63
60 153
80 370
261 264
14 133
276 286
295 25
106 391
320 304
194 172
114 87
171 164
285 329
213 156
222 74
149 234
353 297
372 40
339 161
291 2
130 156
317 372
174 333
197 281
257 7
322 349
92 221
4 241
351 271
48 27
74 381
275 139
101 234
64 303
339 166
367 171
354 259
174 340
313 107
259 300
212 276
361 92
287 273
296 295
184 342
191 223
123 253
203 328
386 149
372 62
350 280
106 238
125 322
68 217
20 15
349 175
318 364
178 25
15 195
87 66
67 358
360 177
170 306
272 109
364 54
147 245
151 319
32 248
216 69
220 194
280 76
317 302
136 262
128 312
297 277
63 367
29 143
90 267
21 241
62 173
283 128
53 123
364 45
175 7
159 276
53 236
220 217
239 26
320 58
163 107
284 71
357 275
170 362
327 176
131 349
99 209
195 253
273 252
75 357
154 265
173 38
139 154
114 340
83 274
376 264
51 381
115 216
67 349
59 306
327 354
94 204
224 315
29 81
391 347
141 368
164 282
224 170
388 117
137 179
270 113
55 31
249 7
105 349
258 101
197 112
70 134
387 213
190 81
155 81
48 53
31 249
177 361
137 180
342 314
365 198
58 296
301 244
12 361
106 92
169 335
249 326
236 196
96 329
4 194
126 160
24 5
61 128
326 108
168 90
132 221
356 73
309 93
57 44
38 126
166 131
333 220
284 259
156 288
85 390
71 389
359 125
159 352
198 368
56 244
81 315
6 221
6 294
299 296
89 295
272 214
189 281
390 207
324 138
166 43
377 205
195 7
382 275
347 287
131 273
248 350
356 199
67 313
287 233
198 363
62 301
393 164
180 36
200 229
35 211
24 19
206 330
320 20
16 381
89 345
91 77
366 65
41 267
122 275
145 296
189 244
373 130
249 345
285 214
88 270
99 292
336 146
232 270
210 112
156 212
159 57
343 251
146 30
179 294
73 265
128 359
386 13
231 93
359 104
159 351
6 198
355 330
88 79
20 102
58 145
299 217
179 370
110 229
258 168
205 239
374 324
175 285
255 195
292 95
297 44
240 131
363 287
113 308
204 56
245 330
121 340
194 98
268 362
344 192
366 235
22 386
325 307
1 133
298 343
108 322
254 250
36 393
202 161
224 372
205 302
284 328
287 205
167 189
171 371
13 365
215 106
271 227
31 182
299 215
63 182
321 102
339 259
17 176
328 16
332 290
10 324
104 385
3 242
170 276
10 215
231 72
268 214
289 191
37 313
262 65
304 258
328 136
112 190
367 164
151 77
154 339
173 96
230 19
92 80
365 142
21 220
22 218
276 67
32 101
198 310
254 228
102 273
264 344
375 159
358 262
34 200
271 241
222 218
79 162
301 164
106 12
271 358
383 45
95 34
350 318
373 199
307 50
71 53
329 97
56 88
322 81
59 201
169 70
206 264
210 256
34 393
289 314
369 244
134 249
141 105
144 344
92 38
62 160
220 386
301 96
351 194
214 204
62 307
263 246
267 95
51 62
115 29
107 314
256 255
321 66
304 134
109 227
273 298
386 75
223 111
122 331
30 304
161 39
363 344
116 218
341 353
37 120
211 84
294 212
339 215
84 197
250 173
106 214
109 75
60 190
156 98
192 110
161 79
142 91
167 176
330 295
150 26
47 75
52 134
147 106
11 249
303 375
215 28
114 145
373 42
283 235
321 92
236 278
313 385
357 332
128 59
217 140
273 98
186 43
386 1
87 292
1 291
259 32
134 74
67 117
324 364
41 248
277 7
74 112
292 15
336 33
62 348
265 235
194 332
142 212
321 268
375 113
160 142
368 182
167 325
353 326
317 312
82 274
246 139
160 253
336 104
153 18
134 220
377 57
330 193
166 150
188 231
344 104
272 74
274 303
2 242
249 301
105 43
159 258
383 158
239 48
24 63
315 93
317 305
68 371
134 20
197 145
90 381
1 174
168 84
77 6
127 106
77 332
233 86
245 364
248 192
11 179
291 76
274 236
332 265
188 6
135 212
4 222
44 146
45 231
305 378
52 242
126 345
128 221
94 166
394 48
14 359
59 241
60 225
324 320
18 224
117 137
193 78
49 148
20 168
50 237
315 243
316 296
51 118
224 183
248 61
303 281
330 146
62 144
356 120
247 140
357 257
148 311
284 380
233 73
307 120
51 392
289 259
82 164
67 95
307 163
283 257
255 197
115 133
260 186
175 73
111 364
331 327
149 212
11 151
360 331
198 245
222 255
289 66
270 92
384 309
120 133
284 136
144 192
18 92
330 279
61 389
30 161
358 274
215 255
380 235
201 2
264 307
101 69
380 28
4 119
352 240
105 275
217 92
112 331
311 165
172 58
192 211
277 358
317 271
299 268
378 271
106 325
197 223
380 337
44 78
273 188
368 297
355 53
46 268
255 99
40 80
259 315
225 383
373 244
265 219
252 93
2 180
297 29
301 392
87 269
78 191
391 10
320 146
112 155
204 190
61 79
206 217
300 102
356 27
360 94
23 117
326 205
56 364
19 352
224 259
23 312
278 32
26 57
363 261
346 343
82 228
160 352
258 38
114 311
84 24
157 190
48 318
96 43
46 212
357 156
250 371
289 223
328 110
349 125
170 202
151 299
131 377
220 206
4 130
100 158
102 238
2 383
314 291
206 184
372 160
103 272
306 321
107 142
307 320
369 305
355 185
302 69
267 101
158 259
290 222
92 214
375 108
333 109
324 187
125 139
182 265
298 160
390 314
213 83
69 318
180 343
142 394
295 6
340 263
215 288
260 139
101 137
378 116
342 86
308 34
386 362
279 46
177 55
359 380
110 296
116 12
379 55
198 384
329 138
316 384
139 157
236 226
243 48
375 98
213 190
128 106
57 308
129 199
60 199
155 253
211 392
157 198
141 2
312 358
21 151
211 377
306 210
366 338
176 127
196 114
163 308
348 341
46 99
393 133
69 66
16 82
128 97
68 270
112 181
39 273
25 85
153 8
246 383
67 5
214 340
362 293
180 153
199 79
93 179
183 252
277 119
87 335
165 92
295 375
99 381
370 135
280 163
27 4
9 69
125 175
291 46
129 107
393 360
30 386
143 161
348 180
224 325
386 44
351 153
21 123
192 274
237 23
130 216
77 180
62 109
138 8
258 203
374 359
256 322
260 199
56 292
202 271
276 54
371 317
228 356
376 287
204 253
343 160
371 170
45 85
301 288

275 186
91 183
183 160
26 184
184 152
84 185
185 62
176 186
186 129
161 187
187 69
40 188
188 179
121 189
189 143
166 190
190 155
41 191
191 147
44 192
192 180
136 193
193 32
174 194
194 88
71 195
195 114
73 196
196 75
71 197
197 48
66 198
198 107
55 199
199 2
93 200
200 80
110 201
201 39
97 202
202 50
113 203
203 163
80 204
204 146
163 205
205 74
38 206
206 27
23 207
207 65
104 208
208 110
182 209
209 34
25 210
210 30
81 211
211 118
56 212
212 66
90 213
213 107
20 214
214 110
57 215
215 74
107 216
216 74
4 217
217 47
130 218
218 65
150 219
219 73
142 220
220 181
115 221
221 160
132 222
222 95
124 223
223 108
68 224
224 93
35 225
225 79
160 226
226 53
59 227
227 85
9 228
228 2
176 229
229 163
97 230
230 59
117 231
231 16
164 232
232 139
74 233
233 75
138 234
234 6
101 235
235 78
12 236
236 164
161 237
237 61
135 238
238 22
15 239
239 12
18 240
240 162
57 241
241 155
91 242
242 43
7 243
243 14
97 244
244 99
108 245
245 77
95 246
246 112
154 247
247 137
82 248
248 63
20 249
249 50
53 250
250 57
156 251
251 127
75 252
252 159
104 253
253 170
45 254
254 59
136 255
255 93
48 256
256 154
68 257
257 38
111 258
258 99
81 259
259 110
87 260
260 133
70 261
261 8
74 262
262 16
172 263
263 166
48 264
264 52
118 265
265 128
179 266
266 73
70 267
267 64
134 268
268 85
18 269
269 90
176 270
270 174
178 271
271 117
25 272
272 17
87 273
273 11
77 274
274 36
170 275
275 67

380 1740
310 91
148 290
59 274
351 304
49 344
47 317
123 356
305 377
342 140
38 228
211 231
37 367
257 70
101 375
266 156
34 144
82 170
192 33
280 236
267 85
52 338
180 271
147 190
363 291
93 1
55 117
277 330
243 227
175 48
305 49
252 280
218 152
368 202
150 187
209 96
370 50
351 85
156 69
140 143
2 168
371 46
156 271
377 283
202 150
8 366
163 84
271 159
57 364
354 355
101 91
142 104
163 37
3 121
61 275
355 151
374 145
102 42
361 124
272 22
128 368
37 282
278 28
124 114
327 303
368 105
77 249
22 17
318 54
269 151
359 240
180 51
57 373
274 26
147 356
332 293
43 215
102 45
208 37
281 292
175 94
379 76
269 165
129 157
257 332
136 160
246 240
123 48
51 271
340 220
241 378
67 194
19 346
22 176
297 28
188 168
26 63
250 36
16 121
325 1
273 27
347 60
168 324
136 216
231 268
362 6
15 64
187 81
329 237
25 31
207 212
27 271
213 40
325 121
329 126
87 261
57 287
154 226
249 237
93 292
134 4
282 334
339 275
136 88
109 128
296 291
134 294
140 57
206 270
151 236
100 322
263 264
88 52
112 138
222 140
351 46
29 310
380 33
352 360
356 10
67 354
196 6
90 122
91 376
292 100
209 344
160 297
344 54
55 135
95 203
320 47
47 52
366 140
280 247
321 64
308 378
227 106
213 195
78 105
79 101
174 139
292 242
316 163
253 334
192 96
54 68
14 100
235 66
1 241
115 207
278 82
122 336
312 190
20 375
374 113
236 114
220 212
76 62
96 287
6 140
281 72
63 256
241 169
107 231
34 93
15 173
166 11
279 151
271 324
185 72
24 277
5 296
173 257
233 97
17 72
151 334
304 335
110 328
292 299
333 23
212 2
124 380
179 251
243 342
189 355
230 47
305 196
352 185
29 64
68 45
310 230
96 190
97 32
31 253
306 300
227 168
229 79
287 20
346 173
41 300
22 323
318 271
211 262
271 330
315 292
153 241
292 186
180 74
271 189
19 76
59 229
5 97
209 123
231 340
126 15
66 311
277 120
121 203
375 287
50 299
296 244
161 218
89 311
203 359
338 79
156 121
275 211
23 182
265 28
47 129
217 238
56 247
126 223
274 287
183 379
336 167
178 195
308 21
203 201
24 15
81 34
271 304
313 55
116 119
189 135
377 210
288 184
346 41
57 58
282 71
346 367
315 245
316 253
32 359
69 46
162 77
236 68
184 34
21 262
132 194
133 151
73 321
30 108
141 87
82 58
66 205
14 85
78 54
190 225
201 319
136 370
182 350
65 250
157 223
37 143
258 281
238 4
80 281
148 312
224 377
5 376
201 31
165 97
78 168
337 18
28 319
130 180
49 44
331 16
369 165
79 376
72 234
290 161
259 348
193 192
342 62
311 223
350 46
208 361
83 36
33 370
327 69
181 348
324 120
291 369
333 257
6 361
7 117
310 260
87 374
274 177
245 336
246 70
185 176
21 282
316 112
214 293
164 172
351 67
101 258
68 221
9 220
283 80
32 208
217 212
38 282
167 183
122 91
137 223
130 340
189 332
11 341
68 181
2 282
203 112
165 366
280 274
67 375
109 315
329 125
147 226
94 234
260 152
380 242
293 208
4 133
148 303
356 379
140 325
313 75
157 188
125 317
149 29
107 24
218 45
331 141
246 56
172 363
191 291
176 179
342 256
368 229
45 4
333 340
119 327
104 36
233 141
25 294
85 324
340 188
152 374
369 17
227 143
262 41
376 61
36 334
89 178
204 165
277 233
68 162
3 37
254 141
314 110
158 332
173 270
266 92
306 256
328 344
36 105
187 15
243 218
227 180
113 298
181 144
204 220
63 220
246 212
216 306
234 177
370 122
300 68
52 274
91 329
237 309
79 343
167 195
261 10
30 244
57 237
257 264
64 132
156 231
177 46
106 220
25 193
2 326
217 96
193 29
187 319
371 65
336 45
9 153
157 49
87 176
223 272
44 56
317 118
67 105
124 270
286 5
291 90
106 199
89 133
222 200
45 104
362 291
239 342
62 323
211 186
287 241
348 302
99 218
50 266
359 276
201 193
6 127
282 258
378 325
306 115
259 187
376 275
290 309
110 178
111 223
42 143
236 201
184 2
130 39
39 35
22 121
33 347
182 371
366 193
205 125
118 92
258 201
209 14
6 1
283 243
238 110
224 350
150 74
231 53
219 335
334 251
69 59
161 330
238 279
209 140
201 301
267 182
166 278
4 181
334 194
124 223
289 374
222 9
242 302
139 186
26 175
191 61
292 46
332 197
170 248
189 247
90 51
272 178
274 279
294 137
60 260
243 28
298 68
117 128
27 117
15 97
56 110
58 350
293 154
202 68
371 186
120 122
230 195
182 102
243 116
262 206
223 378
150 206
227 306
113 68
321 329
195 23
307 283
331 26
346 56
225 23
53 191
146 371
26 83
225 347
112 105
248 78
211 322
43 286
217 47
272 334
168 58
298 360
46 368
267 69
18 91
112 343
294 291
315 337
123 178
238 252
370 323
102 202
34 42
38 183
150 331
137 198
376 138
93 328
203 69
204 333
229 238
236 336
188 147
320 342
331 374
167 185
16 147
272 301
130 135
323 193
42 379
301 372
5 134
359 147
101 191
328 317
314 173
241 43
150 325
119 14
67 60
234 90
142 67
364 380
97 322
293 78
370 285
75 327
368 144
150 237
18 157
147 268
300 201
83 171
18 44
146 121
61 362
115 305
245 8
20 325
122 325
216 205
146 136
41 119
93 315
152 229
178 27
108 275
164 218
257 19
264 251
249 268
360 222
200 210
10 95
91 24
258 340
83 258
295 3
248 306
339 93
237 315
263 235
268 246
15 49
95 306
279 19
110 74
330 65
226 280
209 174
180 345
163 246
112 109
276 319
48 182
235 213
76 169
96 162
4 235
355 313
30 245
80 134
16 94
127 261
168 297
280 88
123 127
179 257
344 181
133 208
72 212
314 224
116 133
354 152
339 107
358 334
60 362
315 210
218 177
19 64
153 156
140 353
324 360
90 375
238 350
332 280
135 229
107 111
308 51
301 323
11 40
142 216
255 140
150 40
137 37
162 39
200 206
7 262
299 329
144 288
278 138
162 348
290 137
183 246
186 86
207 129
143 211
56 235
193 153
42 85
326 110
276 364
41 238
43 254
249 19
141 187
112 309
114 9
149 75
5 257
310 246
83 5
176 246
250 101
110 355
335 155
378 340
51 294
40 138
3 30
44 255
208 69
201 106
58 30
260 259
117 331
194 122
328 355
111 23
94 53
353 365
153 120
338 68
66 65
273 364
331 111
82 48
190 192
156 114
72 247
184 379
77 378
5 175
250 4
159 340
73 88
31 211
17 62
291 126
315 100
173 126
67 90
285 175
79 372
227 87
190 142
302 321
123 177
160 362
275 212
295 226
278 318
83 137
72 150
200 352
313 71
24 142
245 42
264 210
115 137
9 175
50 334
218 255
291 159
76 241
210 286
319 17
93 334
349 228
282 47
213 26
131 61
94 247
205 304
279 334
65 19
378 74
215 251
380 231
220 339
165 325
316 305
157 318
341 252
114 262
230 26
322 219
107 166
298 336
136 11
264 192
32 108
358 268
98 302
212 365
96 326
3 257
7 132
39 132
47 371
196 20
308 272
5 133
207 121
49 363
196 187
56 163
203 347
193 321
11 198
203 229
42 45
208 232
355 62
164 213
38 49
138 29
9 378
285 29
359 58
380 157
77 272
132 368
170 207
326 363
336 219
27 177
342 222
36 126
76 21
206 266
137 111
84 181
358 65
94 128
153 47
27 360
323 206
96 47
101 306
357 152
51 277
92 285
293 199
61 107
216 65
282 293
193 339
147 276
55 95
209 179
83 380
93 171
149 36
183 261
123 294
128 144
168 316
298 29
100 372
177 50
344 371
368 329
258 341
4 260
225 302
285 119
329 133
169 364
209 197
295 324
8 339
190 191
126 135
145 49
168 61
75 176
366 348
325 371
60 187
28 44
157 133
269 278
270 17
277 97
170 365
186 283
285 146
202 173
370 145
209 21
172 159
303 370
16 238
41 295
355 67
91 183
309 67
94 316
114 29
260 214
211 183
157 15
143 204
277 288
297 111
145 35
256 42
134 79
199 262
84 208
67 120
367 286
116 30
372 128
323 147
107 335
74 125
268 13
238 205
188 303
79 125
347 145
294 77
254 175
77 334
25 211
79 256
47 252
72 82
292 130
166 282
227 280
157 358
374 89
305 9
379 14
122 128
63 312
251 200
344 342
271 303
222 347
83 294
1 210
240 182
8 175
239 215
121 177
19 86
28 325
39 312
209 130
85 74
106 65
201 149
307 192
290 152
239 367
114 1
260 202
139 101
255 367
224 198
336 341
358 177
95 263
170 17
300 250
376 112
157 202
181 196
46 349
330 340
253 167
145 297
257 64
354 180
266 152
292 191
10 133
11 164
86 45
346 285
352 113
206 332
207 326
356 291
287 371
303 292
245 32
247 139
231 205
200 52
136 44
199 366
229 24
179 185
345 238
182 349
142 303
80 141
337 373
357 309
267 78
329 70
111 250
316 324
50 335
308 126
201 28
275 111
320 201
13 373
252 275
237 65
37 36
38 178
185 350
21 277
4 307
307 175
298 342
211 309
141 215
90 155
164 8
25 185
8 223
285 162
304 266
55 190
370 208
6 66
302 195
201 359
96 27
218 168
264 193
162 143
326 259
182 73
353 106
334 180
72 99
378 209
57 196
323 50
198 216
346 241
273 183
311 70
207 346
83 360
274 78
189 161
34 344
363 370
236 329
310 53
335 55
50 376
286 34
269 76
54 14
278 360
138 125
56 19
350 313
229 323
266 360
231 238
163 278
119 227
121 128
339 57
236 10
327 278
38 272
299 369
359 332
344 219
229 182
305 219
380 38
228 114
265 200
230 159
124 35
198 291
155 124
32 316
239 20
150 250
8 309
245 253
304 310
68 279
346 202
329 306
257 224
249 107
377 30
214 333
65 70
146 129
346 290
316 160
259 64
9 259
319 58
147 141
143 46
124 49
334 294
209 341
173 156
68 67
341 363
149 270
359 379
365 219
369 341
258 301
105 339
88 181
332 174
54 36
379 141
4 82
332 61
241 125
339 322
89 129
324 355
18 255
93 260
165 205
77 347
120 194
359 86
288 264
164 64
220 357
330 296
8 322
344 15
152 378
24 55
272 368
350 372
262 351
87 213
236 267
309 75
4 52
338 311
70 134
326 331
329 8
330 339
44 50
119 213
84 361
227 172
318 245
179 273
255 81
37 238
66 229
125 65
98 165
64 67
210 321
263 201
306 291
363 203
40 331
62 22
11 257
342 317
271 302
135 213
85 64
216 273
236 377
234 32
296 248
157 351
362 50
43 344
212 27
160 1
276 373
162 51
43 233
101 180
379 305
290 153
327 252
38 113
114 62
97 222
312 101
115 37
225 114
118 50
318 31
177 247
197 252
263 261
81 38
71 202
345 12
166 34
334 46
356 127
232 37
219 289
197 54
44 135
9 335
214 228
189 101
175 54
365 25
61 171
103 255
158 165
258 209
267 72
368 205
145 289
167 62
321 179
206 111
176 14
170 2
342 32
70 229
219 343
353 268
84 148
342 147
91 42
369 215
259 112
61 164
134 26
179 370
38 11
139 58
361 126
235 14
328 113
98 282
171 176
340 150
59 173
370 327
97 74
177 26
160 355
142 311
328 154
115 335
253 267
349 226
308 41
374 234
212 174
86 286
17 261
335 32
378 72
268 223
72 125
57 271
142 351
331 370
81 324
199 236
182 300
281 13
108 247
210 236
377 242
90 99
313 192
187 369
193 221
230 305
184 83
57 203
169 84
299 258
320 216
347 171
259 103
369 331
203 127
349 244
207 202
134 158
67 201
255 20
141 200
96 130
336 230
195 301
286 35
72 107
129 305
75 150
321 83
155 30
363 240
297 289
198 99
295 17
133 257
299 82
212 270
359 52
35 322
99 63
39 12
23 253
50 368
233 16
141 338
236 11
112 85
97 126
335 172
181 129
273 160
168 284
370 250
282 331
304 143
333 9
348 216
24 377
351 189
266 199
56 377
349 119
244 264
123 291
180 109
59 206
320 45
93 312
369 346
307 316
370 245
134 240
262 168
102 115
345 374
119 323
72 49
54 97
316 270
376 169
44 79
100 60
77 145
149 207
154 260
245 304
104 198
162 113
346 210
114 291
187 123
192 110
328 324
300 73
254 335
94 195
115 122
356 141
122 8
344 2
170 73
201 253
215 28
39 210
77 27
362 317
182 181
38 112
141 229
74 271
166 247
25 308
337 205
174 151
56 72
61 116
126 31
92 251
155 317
263 52
229 169
284 95
92 10
317 1
304 58
217 149
188 274
13 292
125 63
93 86
185 301
354 332
7 209
30 114
251 60
326 115
111 109
352 207
321 46
96 196
371 74
210 180
357 163
362 190
114 101
243 4
227 277
208 320
341 261
184 11
226 28
14 211
146 59
213 52
77 6
188 15
232 49
252 44
349 60
22 130
298 273
338 303
194 149
271 11
372 272
47 111
108 15
367 116
98 21
144 282
202 87
356 151
44 146
375 175
139 110
282 224
70 241
273 78
136 322
246 109
106 173
201 247
58 328
294 226
259 28
261 288
282 272
287 1
198 19
204 302
66 251
267 93
165 224
243 106
371 33
245 60
65 52
10 326
18 313
183 374
277 322
316 227
83 15
11 161
13 328
257 353
378 346
307 273
180 325
367 235
227 83
83 310
180 270
114 54
172 77
74 341
113 313
3 294
216 62
52 119
200 261
237 77
42 77
154 380
180 211
255 116
121 225
32 260
213 134
199 360
220 344
206 298
190 117
30 201
220 130
189 80
155 162
18 205
276 116
101 274
46 184
374 325
182 125
239 132
194 240
345 324
273 42
183 349
171 192
196 216
125 238
380 346
19 116
211 154
149 334
98 48
366 279
154 334
155 372
187 266
298 340
28 109
288 194
74 136
334 179
282 93
194 203
72 126
328 307
238 335
66 49
104 228
355 306
104 371
182 220
113 251
204 329
275 14
169 202
333 241
43 90
266 186
378 80
125 15
6 168
134 125
118 22
355 352
375 54
334 42
249 86
103 226
305 175
93 349
262 287
85 126
304 73
216 195
97 11
69 101
96 370
317 277
143 362
287 67
15 78
52 272
366 310
279 112
90 195
373 198
322 347
215 274
114 76
191 208
52 170
198 185
218 222
206 265
136 197
229 35
70 328
167 312
280 239
267 20
107 142
162 239
327 54
313 105
333 342
121 30
225 92
212 195
183 265
31 341
199 322
148 87
225 185
6 157
47 53
252 131
331 19
168 114
26 368
209 176
378 146
51 360
182 184
42 336
158 266
219 360
238 52
25 297
250 346
106 215
63 56
77 331
380 54
147 143
23 154
66 325
266 246
269 363
201 64
237 311
193 177
23 213
199 304
54 232
256 95
75 181
58 231
153 150
209 17
303 374
125 157
273 138
168 96
281 250
211 377
126 100
146 218
183 231
204 355
333 321
133 356
233 98
33 13
244 358
173 147
196 308
53 243
292 298
140 358
155 40
130 268
46 317
306 205
332 364
29 65
67 146
34 140
169 25
116 379
151 153
302 287
359 282
157 227
111 108
169 315
150 375
118 269
324 46
18 7
1 197
23 161
266 316
10 102
28 329
11 189
295 345
82 193
111 117
297 375
343 283
257 116
165 277
195 343
255 177
336 346
173 254
121 181
40 248
184 167
183 177
191 368
312 258
39 316
209 142
192 66

248 150
49 174
174 4
132 175
175 9
32 176
176 85
67 177
177 43
26 178
178 97
168 179
179 133
56 180
180 122
168 181
181 159
152 182
182 58
24 183
183 150
142 184
184 108
49 185
185 88
19 186
186 121
144 187
187 110
29 188
188 120
154 189
189 144
61 190
190 142
114 191
191 40
6 192
192 145
80 193
193 147
11 194
194 38
109 195
195 163
63 196
196 134
130 197
197 147
135 198
198 143
112 199
199 127
65 200
200 78
136 201
201 10
41 202
202 43
125 203
203 2
53 204
204 165
19 205
205 32
49 206
206 77
166 207
207 138
163 208
208 101
91 209
209 92
53 210
210 84
54 211
211 131
54 212
212 20
5 213
213 4
170 214
214 158
124 215
215 145
75 216
216 11
70 217
217 134
17 218
218 138
111 219
219 149
74 220
220 83
107 221
221 79
16 222
222 33
46 223
223 26
40 224
224 115
4 225
225 153
8 226
226 92
37 227
227 150
62 228
228 164
56 229
229 100
114 230
230 95
8 231
231 47
46 232
232 48
112 233
233 113
55 234
234 138
40 235
235 44
81 236
236 125
76 237
237 103
41 238
238 131
100 239
239 78
166 240
240 116
34 241
241 173
97 242
242 73
43 243
243 78
114 244
244 127
172 245
245 17
2 246
246 110
26 247
247 93
26 248
248 57

360 1625
232 57
47 332
42 294
8 63
135 100
328 352
345 233
295 243
282 164
218 313
274 119
224 32
80 298
8 87
229 305
232 32
51 347
161 100
236 165
74 149
44 138
317 36
249 342
29 37
10 271
331 328
319 145
324 313
56 108
204 177
4 321
281 55
282 280
324 328
32 277
164 30
96 225
289 145
241 184
118 11
304 280
103 104
15 108
261 273
174 301
296 6
208 152
26 179
282 217
283 221
230 196
73 244
203 34
353 68
334 166
321 328
203 256
77 81
43 321
342 351
325 253
171 89
285 53
152 129
134 314
174 93
286 204
239 244
3 279
335 268
119 49
177 344
3 126
175 292
217 163
254 248
244 310
32 275
37 89
310 169
314 164
150 221
119 134
36 301
297 309
61 180
35 28
115 234
205 159
140 180
98 225
51 45
299 260
233 354
289 302
126 70
329 237
113 243
2 140
319 298
200 162
82 241
337 127
58 179
79 172
253 233
126 73
87 173
18 65
92 216
170 260
26 1
173 174
104 75
200 169
112 59
239 8
149 240
208 340
343 62
219 116
248 111
158 241
37 342
242 62
98 324
212 279
140 161
124 173
38 270
229 62
159 101
57 160
39 222
139 82
252 318
110 145
184 328
193 14
235 218
76 176
171 140
195 258
87 90
269 83
41 313
204 163
245 116
249 113
323 160
239 321
11 56
306 171
183 286
96 160
119 203
32 242
263 156
55 320
317 292
266 41
340 48
106 223
343 197
298 147
48 353
175 358
160 80
270 21
76 343
117 51
309 247
280 46
211 35
86 11
127 256
333 23
138 7
175 254
203 357
342 208
343 194
351 2
261 347
327 21
95 9
121 57
174 45
235 193
275 64
39 43
150 42
23 13
287 135
80 183
151 9
65 328
221 325
80 326
231 172
25 206
143 209
27 149
20 70
41 95
63 319
121 284
3 23
116 97
212 135
51 332
52 326
289 28
326 310
239 357
191 157
122 187
177 316
264 222
34 159
126 340
330 345
156 347
343 120
36 139
195 33
346 191
183 85
223 34
189 142
134 204
247 184
285 80
346 46
54 279
5 268
51 194
92 128
221 121
78 87
26 121
35 237
213 235
185 326
246 146
85 229
161 138
28 233
23 94
207 237
280 343
194 229
68 1
9 8
355 321
28 297
53 223
56 109
42 64
135 183
309 96
240 329
205 250
189 128
103 336
242 65
150 94
170 319
221 75
132 314
153 219
264 263
360 326
162 68
153 68
65 301
12 185
214 272
148 329
43 216
265 166
33 66
37 272
274 192
231 94
306 300
163 87
298 202
187 77
81 21
264 72
51 177
73 311
219 304
293 84
313 187
208 47
118 235
135 75
58 52
225 154
244 226
138 76
344 195
309 31
353 139
358 41
115 228
208 151
334 6
62 139
120 142
215 257
325 118
329 115
312 149
351 284
172 52
203 30
56 154
75 157
313 301
75 295
81 7
302 199
179 325
181 36
329 235
164 52
224 240
272 5
292 72
170 275
336 226
134 309
102 355
150 178
301 23
231 271
35 183
55 89
28 125
252 86
70 181
199 4
59 324
335 51
264 347
104 69
232 235
231 66
179 104
200 163
8 267
305 85
14 346
248 105
251 244
334 27
287 276
77 267
260 135
292 304
190 30
263 267
342 256
134 252
156 9
352 158
82 11
323 322
236 238
331 130
12 100
345 175
145 58
167 162
333 107
34 72
180 31
228 291
284 77
288 136
162 315
73 332
329 135
348 288
112 352
154 252
64 290
3 58
186 262
23 39
246 355
108 256
144 329
39 52
154 84
101 176
193 183
162 20
55 148
347 120
174 258
159 106
162 135
114 345
118 305
83 273
46 135
72 211
307 345
143 264
19 278
254 235
4 209
120 302
30 255
359 170
168 189
94 88
4 352
100 359
107 290
221 331
88 128
294 274
200 126
327 350
335 229
355 292
50 266
69 73
179 82
242 261
81 62
246 142
249 154
230 84
113 48
97 257
279 164
24 356
255 138
320 148
178 283
75 279
234 2
36 284
24 177
34 301
263 180
194 144
67 130
50 246
46 14
283 17
53 204
164 308
76 35
41 71
42 95
33 43
88 230
288 51
221 342
82 73
233 179
97 217
188 331
5 267
334 83
190 244
85 61
226 101
355 347
29 219
34 6
317 320
65 338
274 117
194 30
103 346
216 284
278 9
156 68
253 26
351 328
189 104
29 212
126 214
293 335
59 11
356 289
272 336
113 220
114 162
299 124
325 154
326 280
290 345
312 129
80 109
281 343
307 125
219 239
238 242
243 229
210 294
13 179
52 114
67 64
180 222
91 70
121 117
213 328
125 97
70 217
55 282
149 209
356 320
19 112
311 118
154 322
325 251
166 80
204 227
156 94
86 283
218 86
359 157
144 82
160 184
154 151
14 326
274 198
257 134
281 8
1 153
313 82
5 189
66 215
231 254
255 244
208 39
51 227
119 275
263 142
322 51
115 5
154 293
359 348
232 77
241 50
338 34
30 73
16 349
327 68
118 331
284 300
169 207
18 205
194 193
124 130
80 216
134 112
249 234
89 273
94 2
188 67
24 308
336 75
320 309
263 111
349 97
353 102
320 164
356 149
340 175
213 167
142 157
127 353
76 20
223 327
318 41
20 152
125 246
56 24
203 302
244 111
254 240
35 12
201 276
256 148
169 168
152 293
62 189
12 292
246 57
194 211
285 136
327 269
95 204
196 354
259 89
119 28
66 136
230 1
50 78
323 180
35 53
115 195
157 37
183 266
132 357
55 171
313 328
180 176
47 54
123 97
54 140
220 119
84 41
310 96
64 85
357 139
317 99
149 2
339 202
33 310
267 236
119 125
104 202
305 127
42 82
139 240
178 13
113 157
203 243
122 350
359 95
144 20
319 328
311 9
168 297
226 54
125 154
182 286
37 254
50 123
59 267
47 239
152 251
306 10
28 200
87 288
354 307
241 112
262 19
256 216
133 217
319 87
13 126
159 280
18 11
278 98
122 352
140 71
311 238
99 262
355 295
299 130
200 349
186 231
186 272
256 315
26 194
283 106
305 332
56 235
240 13
258 17
223 257
151 147
320 149
272 221
113 95
55 29
21 346
138 134
272 54
91 234
347 260
281 323
124 82
342 25
274 290
149 188
180 191
64 225
7 195
234 10
74 6
112 221
133 292
330 255
59 279
206 31
251 300
237 198
128 262
75 250
117 134
214 94
35 239
310 311
98 40
261 300
337 260
284 191
217 68
163 333
134 340
192 203
50 233
47 291
210 300
51 122
183 52
283 72
319 227
340 100
127 188
327 99
226 351
250 329
184 258
111 242
314 39
225 29
153 355
231 35
18 300
55 284
336 151
241 14
218 223
210 109
65 291
233 165
253 186
53 13
329 71
273 53
347 42
334 212
33 162
343 3
314 256
245 130
63 143
62 134
172 63
92 313
320 207
324 273
91 38
110 262
294 2
60 129
225 265
307 360
280 262
91 196
360 230
10 297
62 288
306 355
70 200
345 342
130 21
66 13
51 86
131 74
153 93
154 341
155 321
85 128
334 15
211 141
303 174
305 315
318 84
200 190
68 292
264 127
60 54
199 113
336 28
206 221
282 56
33 108
161 23
325 102
149 131
243 88
5 168
125 4
240 76
320 212
176 190
287 79
185 192
131 28
162 208
330 164
133 268
216 206
126 266
188 185
209 160
37 113
341 358
247 85
251 30
46 293
312 196
72 360
171 123
248 300
357 348
257 319
356 132
32 231
13 315
281 67
18 140
130 319
301 145
235 78
182 188
270 324
310 16
94 221
27 132
108 41
292 253
275 159
224 155
195 65
343 201
200 297
257 243
288 129
94 309
149 54
313 43
163 307
291 198
148 242
121 157
122 21
170 50
7 222
305 119
285 290
258 250
78 273
62 207
196 131
172 7
323 117
291 92
2 25
294 251
4 354
298 246
249 151
104 313
179 252
138 307
44 275
229 281
67 9
10 286
129 164
111 321
118 40
264 93
197 2
38 297
3 345
67 97
161 228
65 217
343 333
111 217
22 305
287 248
309 267
330 349
225 97
9 26
28 223
105 46
323 99
31 306
215 177
235 328
96 295
352 108
176 335
93 272
280 221
9 289
325 173
292 58
25 212
171 85
156 295
231 55
113 265
150 59
173 250
50 314
221 238
135 265
325 336
181 251
203 162
207 225
107 85
290 152
330 252
126 322
292 176
350 49
337 44
338 178
51 116
42 68
258 228
35 127
21 312
301 277
319 74
57 63
131 279
225 27
226 122
304 357
73 40
63 152
307 161
165 259
62 149
283 271
266 333
84 292
327 128
334 210
199 255
64 247
141 77
325 240
91 88
347 242
173 316
335 88
120 242
11 69
213 342
213 129
124 119
41 16
242 198
206 303
296 98
3 217
74 59
247 338
180 281
109 152
333 250
310 201
187 131
219 255
332 67
155 1
342 172
94 22
278 201
210 92
165 318
38 4
221 34
314 49
9 216
155 105
310 173
276 228
95 352
225 257
79 218
339 83
102 73
160 58
223 113
99 63
256 311
335 55
264 343
307 91
273 31
144 304
78 128
330 43
148 54
100 303
321 113
32 12
341 126
16 342
35 9
37 160
167 75
223 126
79 336
196 79
208 85
29 102
142 240
151 104
353 100
151 297
112 56
296 207
78 290
64 187
194 73
346 195
105 336
21 297
325 296
199 105
93 337
121 24
47 213
49 222
109 305
98 143
87 286
307 198
97 112
64 178
341 159
15 82
187 99
353 148
248 115
139 196
233 225
20 254
206 44
357 347
158 260
306 181
117 213
155 117
103 38
17 116
129 261
9 69
351 19
176 316
226 260
281 156
69 202
145 167
101 98
166 255
336 193
56 64
239 26
5 9
92 265
179 314
268 349
48 217
175 357
74 68
62 340
325 89
202 276
275 54
179 73
138 24
150 130
59 67
43 141
307 231
357 187
67 144
50 200
9 239
10 231
194 349
308 61
292 343
136 230
137 179
107 208
80 323
299 197
209 158
156 104
49 98
286 337
236 190
172 104
254 123
81 87
29 205
271 115
17 80
297 224
175 131
218 297
334 51
116 102
106 92
36 359
183 240
7 38
28 169
264 312
165 64
183 353
99 305
71 150
345 145
112 73
65 325
181 241
278 131
356 73
182 144
168 233
333 359
193 231
176 25
139 111
286 210
290 241
56 244
264 278
29 223
123 172
160 146
53 201
62 25
119 88
45 29
59 111
134 288
130 47
161 102
97 222
23 263
212 249
214 237
167 153
9 11
267 2
206 330
164 141
311 38
86 245
52 336
219 289
358 222
313 123
71 240
149 204
207 15
102 211
275 282
333 16
36 308
147 340
99 2
80 127
89 24
108 332
219 294
3 159
24 323
28 141
266 128
16 18
293 63
296 237
115 150
180 42
164 300
202 251
20 102
12 181
74 81
19 221
114 357
134 181
228 80
111 261
96 253
225 20
261 62
170 120
148 26
209 92
212 63
15 298
198 126
91 80
25 15
119 202
265 211
305 271
73 315
80 94
81 324
252 299
55 214
91 259
152 269
126 89
201 358
220 6
24 158
48 292
112 321
39 30
103 61
100 239
83 49
185 180
297 312
303 315
325 293
18 57
183 139
97 155
262 286
283 167
212 188
124 46
120 278
256 264
314 57
209 360
213 352
33 218
16 126
146 347
296 201
115 15
82 243
157 270
288 8
343 68
149 346
7 321
158 136
125 288
50 42
69 222
141 193
73 155
110 112
337 225
293 220
208 225
228 236
115 255
120 167
121 31
176 73
124 60
271 33
238 44
23 250
137 5
126 155
292 201
77 152
234 56
260 84
281 233
65 212
107 132
328 12
38 33
342 192
60 344
5 254
249 273
213 182
259 50
246 166
306 35
340 47
52 46
223 199
337 298
228 146
329 139
60 45
335 101
49 260
37 299
171 316
317 96
155 77
316 184
191 349
161 215
199 198
174 36
252 118
75 218
48 80
117 166
46 98
34 231
108 34
1 291
292 297
331 261
293 253
132 116
209 164
170 191
157 156
105 280
354 151
262 244
86 326
201 115
2 100
77 188
344 330
127 156
273 133
166 7
295 43
334 66
172 105
332 343
212 304
219 142
311 235
77 292
316 214
317 139
106 187
238 265
330 22
222 24
79 236
174 11
346 182
309 34
113 52
318 304
28 170
157 31
16 242
200 105
56 291
29 197
123 25
293 235
84 224
304 193
157 103
347 281
32 164
268 61
20 272
41 58
273 223
94 49
352 101
318 228
103 200
314 67
358 136
329 192
20 57
65 155
234 152
191 278
358 183
164 319
293 322
38 336
168 271
304 255
205 258
260 358
44 128
118 155
176 8
99 250
342 153
17 51
200 237
58 346
21 257
156 213
343 250
9 346
356 103
48 304
32 90
235 8
8 341
296 351
176 15
255 170
318 14
194 104
12 39
106 134
344 250
275 290
39 336
243 150
63 350
102 90
14 182
289 66
162 176
328 227
348 254
169 258
99 10
231 196
280 204
274 184
244 349
302 335
275 299
293 327
83 348
211 326
218 284
277 63
46 195
184 275
354 95
357 242
90 8
107 337
185 178
114 261
227 226
135 153
85 132
120 40
73 338
264 195
270 356
308 276
130 97
285 185
35 292
3 258
138 112
12 204
86 79
254 11
237 49
99 25
231 354
16 337
24 230
133 263
198 311
308 166
62 262
269 216
289 183
237 153
85 293
312 330
155 347
267 31
114 253
5 309
307 53
258 60
23 252
193 174
33 210
112 58
223 323
333 116
227 245
172 182
269 34
337 319
65 261
254 132
187 278
132 32
338 342
49 265
122 321
34 360
164 46
209 345
202 328
94 97
166 338
199 339
172 173
246 172
306 81
18 144
291 50
63 352
322 314
31 60
327 47
170 188
336 204
221 181
5 14
156 238
94 102
83 262
233 232
230 150
87 200
235 67
126 250
259 284
192 158
161 63
171 319
267 349
285 150
219 43
292 291
134 80
100 139
18 130
40 171
325 182
126 100
15 151
248 156
48 57
232 294
271 172
299 351
29 284
53 356
36 236
83 276
229 285
319 42
252 31
195 145
145 329
110 165
331 223
145 151
202 285
297 108
175 23
35 247
55 232
131 213
244 39
134 66
123 8
107 349
109 53
39 195
222 161
285 95
273 277
77 338
170 346
5 163
284 281
212 238
56 285
113 284
33 325
145 25
277 167
261 317
281 92
31 136
215 42
151 116
321 38
326 83
169 333
46 5
133 21
121 181
58 34
159 318
215 178
271 187
257 163
10 102
87 116
17 216
348 27
282 204

250 170
41 166
166 141
56 167
167 104
99 168
168 3
1 169
169 154
56 170
170 140
109 171
171 122
38 172
172 160
92 173
173 54
134 174
174 35
63 175
175 155
135 176
176 126
150 177
177 50
24 178
178 97
80 179
179 26
33 180
180 133
118 181
181 156
99 182
182 16
146 183
183 8
22 184
184 33
37 185
185 93
69 186
186 57
35 187
187 29
154 188
188 120
23 189
189 30
62 190
190 154
91 191
191 155
89 192
192 63
53 193
193 161
8 194
194 160
22 195
195 111
31 196
196 47
141 197
197 144
19 198
198 120
43 199
199 161
86 200
200 71
126 201
201 144
93 202
202 67
124 203
203 65
83 204
204 74
162 205
205 78
102 206
206 47
64 207
207 130
3 208
208 110
73 209
209 71
104 210
210 121
147 211
211 105
158 212
212 47
99 213
213 45
75 214
214 40
19 215
215 4
8 216
216 34
105 217
217 54
33 218
218 49
50 219
219 113
19 220
220 101
11 221
221 128
56 222
222 14
23 223
223 46
10 224
224 160
88 225
225 161
43 226
226 132
65 227
227 148
102 228
228 110
162 229
229 87
113 230
230 8
140 231
231 97
4 232
232 6
51 233
233 6
70 234
234 116
34 235
235 159
163 236
236 23
10 237
237 45
155 238
238 42
108 239
239 115
98 240
240 145
4 241
241 15
153 242
242 59
22 243
243 8
162 244
244 121
159 245
245 45
54 246
246 11
162 247
247 15
8 248
248 101
29 249
249 23
146 250
250 106

264 188
52 171
171 109
1 172
172 17
50 173
173 49
161 174
174 136
139 175
175 142
135 176
176 113
70 177
177 78
147 178
178 80
27 179
179 111
30 180
180 23
7 181
181 68
96 182
182 5
80 183
183 122
150 184
184 156
90 185
185 166
92 186
186 153
167 187
187 35
112 188
188 1
127 189
189 27
2 190
190 135
147 191
191 65
42 192
192 57
118 193
193 114
57 194
194 142
127 195
195 30
102 196
196 126
98 197
197 13
111 198
198 125
3 199
199 28
75 200
200 21
131 201
201 142
22 202
202 62
63 203
203 60
92 204
204 164
109 205
205 2
144 206
206 36
78 207
207 102
18 208
208 102
97 209
209 70
118 210
210 70
93 211
211 164
11 212
212 109
60 213
213 75
62 214
214 66
120 215
215 153
166 216
216 150
121 217
217 2
34 218
218 37
16 219
219 45
1 220
220 96
37 221
221 40
85 222
222 27
51 223
223 112
15 224
224 163
149 225
225 7
113 226
226 121
56 227
227 73
89 228
228 14
42 229
229 64
130 230
230 26
40 231
231 46
152 232
232 51
47 233
233 20
86 234
234 49
16 235
235 58
14 236
236 148
20 237
237 90
102 238
238 161
138 239
239 55
50 240
240 87
102 241
241 150
63 242
242 148
107 243
243 44
93 244
244 91
69 245
245 94
38 246
246 163
70 247
247 71
7 248
248 108
168 249
249 165
20 250
250 97
144 251
251 65
148 252
252 70
126 253
253 82
10 254
254 141
21 255
255 66
47 256
256 125
166 257
257 56
69 258
258 136
9 259
259 167
3 260
260 49
88 261
261 89
126 262
262 115
137 263
263 88
153 264
264 137

258 178
58 170
170 120
107 171
171 98
38 172
172 86
158 173
173 4
56 174
174 127
74 175
175 45
125 176
176 97
22 177
177 53
155 178
178 156
85 179
179 152
55 180
180 100
141 181
181 44
31 182
182 132
102 183
183 1
38 184
184 131
162 185
185 54
40 186
186 82
80 187
187 116
110 188
188 27
11 189
189 36
26 190
190 1
166 191
191 97
45 192
192 15
3 193
193 18
163 194
194 19
75 195
195 146
60 196
196 76
57 197
197 54
30 198
198 88
165 199
199 105
84 200
200 120
66 201
201 159
85 202
202 40
113 203
203 152
43 204
204 46
123 205
205 127
129 206
206 161
127 207
207 110
142 208
208 38
33 209
209 2
77 210
210 65
169 211
211 148
134 212
212 31
150 213
213 71
99 214
214 164
91 215
215 67
39 216
216 127
37 217
217 56
76 218
218 69
142 219
219 154
123 220
220 105
47 221
221 144
129 222
222 55
89 223
223 9
155 224
224 160
157 225
225 145
66 226
226 95
9 227
227 60
47 228
228 70
93 229
229 13
115 230
230 30
48 231
231 108
137 232
232 46
100 233
233 47
111 234
234 1
156 235
235 21
25 236
236 2
49 237
237 132
126 238
238 155
106 239
239 33
48 240
240 36
166 241
241 141
100 242
242 63
99 243
243 79
107 244
244 132
133 245
245 153
83 246
246 140
87 247
247 161
66 248
248 91
119 249
249 133
122 250
250 112
63 251
251 62
36 252
252 71
138 253
253 36
26 254
254 93
139 255
255 58
34 256
256 142
87 257
257 82
110 258
258 96

375 1693
139 16
347 280
25 358
210 167
165 210
144 116
113 270
22 117
203 285
354 342
157 265
104 273
71 290
57 362
276 375
348 129
192 200
33 34
312 103
175 43
189 272
358 7
163 55
76 281
114 164
42 210
351 108
228 226
18 107
242 64
26 219
11 72
213 321
50 229
331 321
99 253
184 40
98 63
373 119
300 313
284 3
87 3
72 147
21 369
364 188
34 307
328 76
45 209
274 190
2 91
261 68
262 82
361 149
183 9
136 178
177 112
319 101
360 106
359 18
87 137
163 178
293 85
81 304
27 169
216 158
159 326
107 297
77 249
223 366
155 13
359 240
328 156
350 129
117 245
355 237
55 366
239 253
242 252
338 149
176 141
149 342
247 226
358 35
286 284
186 144
314 77
198 78
189 165
332 350
18 79
296 309
23 290
260 144
213 357
115 211
52 84
189 333
301 169
106 3
141 117
144 49
121 19
303 170
287 300
294 342
173 181
244 10
57 210
81 225
64 167
243 309
235 277
312 331
171 162
211 348
339 275
27 260
214 4
340 353
70 318
58 203
202 73
370 361
322 177
210 68
70 23
18 41
184 321
214 184
53 118
140 48
224 129
171 337
337 105
17 1
366 140
25 65
245 107
321 64
90 210
327 46
79 291
211 164
92 174
76 176
123 247
75 191
166 330
319 214
305 121
52 40
260 93
135 245
68 168
343 374
366 6
95 27
336 53
10 353
272 350
270 328
96 160
209 330
287 145
35 200
263 53
6 300
246 106
271 215
184 231
208 200
107 104
350 199
63 43
56 272
260 301
337 195
192 261
275 168
242 269
212 259
33 315
17 244
275 354
134 219
45 105
247 358
31 42
255 61
352 278
277 118
194 130
10 275
49 308
290 227
274 306
350 89
188 300
7 66
318 102
321 258
194 48
86 2
197 5
235 350
176 341
103 223
359 362
14 206
136 273
199 182
330 124
229 208
145 321
38 67
372 307
92 178
240 11
295 367
302 295
346 261
203 219
277 166
278 143
9 316
284 175
292 63
1 78
239 202
204 24
223 268
304 372
251 95
343 120
257 162
205 119
340 84
24 275
243 301
357 138
242 79
333 356
8 32
300 38
28 163
348 314
169 115
218 61
354 17
64 316
18 335
365 36
286 211
49 57
52 18
44 244
107 183
276 149
102 332
219 346
363 265
283 62
115 38
195 158
348 123
130 162
21 262
248 63
177 69
14 287
103 336
39 119
102 327
176 10
231 33
69 134
125 105
368 124
123 191
359 253
363 179
365 22
290 338
89 236
15 289
284 179
272 16
56 338
98 213
336 253
194 247
288 293
328 263
132 289
190 123
122 78
346 224
325 75
81 21
305 186
343 141
165 264
114 352
292 132
334 174
27 168
212 356
235 144
37 95
129 158
16 155
162 86
181 170
310 285
206 162
137 268
282 370
117 67
190 267
234 250
169 361
294 293
267 261
325 7
314 312
152 56
226 3
232 50
250 141
41 90
178 113
307 367
116 82
252 332
191 172
213 356
22 32
225 148
365 250
94 29
264 125
321 124
143 303
332 143
223 125
194 168
22 72
249 259
32 215
311 42
344 355
326 24
83 168
329 149
212 198
330 265
207 77
47 185
177 170
236 6
115 25
118 102
101 22
232 347
123 105
287 74
77 333
330 94
179 344
144 347
246 178
2 236
94 325
22 235
350 292
143 247
240 233
353 113
360 221
69 85
309 337
346 214
205 49
353 168
151 85
64 84
304 8
21 101
62 207
362 64
101 183
340 368
215 326
154 252
247 41
197 186
213 97
210 55
360 45
31 39
253 318
3 75
22 302
240 231
153 350
337 201
270 248
310 132
278 264
90 360
127 235
267 61
253 311
24 278
23 173
354 155
360 163
51 233
255 329
115 68
173 145
328 326
277 147
7 270
135 288
287 46
164 366
97 264
250 301
178 336
180 302
346 82
364 341
184 350
283 41
187 308
207 185
210 184
49 299
327 165
93 34
96 191
260 277
120 309
139 151
30 113
227 56
38 285
189 236
123 360
361 37
179 42
92 179
111 332
8 130
173 131
322 117
13 143
227 359
246 129
121 291
348 30
329 164
147 173
330 247
369 50
65 63
285 199
363 318
46 36
59 140
97 49
33 348
341 267
301 173
136 301
346 161
177 74
31 115
288 51
328 202
201 348
131 82
216 277
276 351
94 282
5 176
9 181
309 287
332 93
102 293
346 276
121 301
159 55
326 91
60 302
227 47
247 325
211 284
365 325
352 273
116 298
134 343
230 278
120 337
158 23
160 338
193 286
259 151
53 5
128 356
183 219
334 93
134 334
48 70
336 321
40 126
138 352
301 212
74 133
251 304
334 314
298 54
11 208
185 165
141 72
270 35
127 163
211 229
264 216
303 153
359 12
3 136
315 337
177 141
206 304
338 152
358 95
91 39
204 139
260 117
207 339
105 135
324 234
328 237
93 328
1 10
225 33
337 242
345 338
219 242
223 337
245 228
221 359
45 338
371 5
241 50
132 167
209 73
16 349
253 213
112 246
259 316
187 203
150 317
235 240
1 91
37 266
224 271
26 61
9 195
69 121
270 282
78 130
63 138
220 106
223 4
235 354
63 8
174 5
77 273
225 51
160 285
367 56
223 327
23 27
65 257
348 221
280 282
301 358
103 357
60 326
338 237
319 349
340 182
167 164
365 270
155 235
176 180
215 13
178 27
325 275
330 174
249 85
356 52
71 46
172 25
211 14
216 67
328 161
63 214
146 328
253 292
38 37
258 154
352 150
227 108
192 154
194 178
361 72
186 37
332 4
335 9
45 286
340 196
30 327
132 243
5 11
38 205
331 34
352 173
122 350
233 126
72 60
146 296
114 116
117 217
343 86
201 214
139 152
179 244
373 54
374 172
87 194
192 232
161 53
242 184
117 375
355 318
28 200
31 246
369 59
247 62
359 367
179 253
346 160
40 149
278 243
326 314
7 47
117 317
227 158
6 310
102 305
302 41
13 288
55 229
42 106
78 243
269 124
169 312
43 249
83 286
265 135
265 346
175 374
67 161
254 174
80 202
187 51
214 221
244 375
129 356
137 191
84 229
89 329
72 271
3 25
190 355
234 146
68 123
258 121
120 213
139 109
78 283
52 247
327 335
48 33
287 119
148 4
96 317
245 281
161 314
71 104
292 32
355 205
67 311
214 239
87 343
310 201
94 170
9 5
219 1
371 263
372 141
258 216
23 88
280 298
323 140
109 174
315 333
338 285
283 113
358 171
178 248
14 370
371 268
103 253
35 101
40 120
46 359
323 373
324 13
332 253
45 213
249 348
78 64
214 249
320 241
29 172
303 216
225 255
63 349
247 16
40 127
28 27
105 293
307 212
258 93
321 333
284 375
33 162
108 254
245 51
375 325
107 62
90 154
19 337
113 350
140 16
144 83
256 98
59 160
243 242
52 65
23 238
114 262
155 328
29 303
246 40
147 361
94 367
249 57
360 84
261 10
100 30
191 161
232 349
129 314
238 132
76 231
357 79
86 72
108 273
130 132
353 130
245 148
65 195
290 281
50 109
220 3
305 243
191 89
304 110
294 338
242 99
120 262
64 276
286 61
215 137
289 178
148 70
363 145
258 328
282 137
322 301
17 172
110 131
331 57
134 147
196 19
174 13
170 280
190 138
119 224
105 95
68 85
296 206
321 218
232 342
123 82
89 166
181 131
20 7
210 72
282 333
303 207
88 223
210 219
28 118
47 202
122 322
12 293
341 346
239 21
157 258
197 182
326 17
220 121
366 317
189 348
190 346
264 109
2 234
136 39
195 369
167 207
279 232
174 135
40 359
296 188
107 305
113 10
80 349
264 20
165 220
283 129
176 69
73 136
130 65
186 34
5 249
117 223
372 329
102 269
68 66
181 365
241 69
77 140
35 171
100 136
300 365
331 84
39 287
174 360
231 130
216 308
328 56
148 259
22 300
79 309
268 31
368 46
209 335
58 38
205 80
173 39
288 172
288 41
72 164
4 266
190 335
322 264
147 152
169 139
42 155
119 300
49 251
340 273
142 214
274 329
187 31
181 224
128 20
28 73
168 107
79 138
232 200
32 37
289 7
70 337
295 41
171 103
14 105
266 228
153 251
47 100
12 10
302 118
7 204
134 209
265 345
360 147
323 297
219 133
171 294
338 192
175 24
234 330
330 19
331 310
79 235
20 48
39 259
187 154
329 170
22 210
99 125
9 178
360 154
179 53
296 160
330 324
31 315
125 204
63 289
30 97
288 53
35 118
92 236
290 199
102 328
69 145
70 234
92 131
96 326
149 196
76 84
131 204
80 159
104 277
303 287
46 349
139 13
341 57
83 81
292 40
294 316
196 89
241 187
354 39
155 92
43 343
238 17
150 204
160 30
131 66
262 317
65 151
230 271
201 27
178 240
98 72
8 160
263 306
106 152
215 361
53 293
329 356
227 206
205 240
135 62
145 208
313 183
43 106
121 228
375 177
344 80
145 97
311 195
262 86
224 120
282 189
62 286
147 355
367 329
156 88
159 189
184 273
282 95
357 244
215 250
151 196
26 88
259 127
68 322
192 185
297 175
282 37
308 266
75 1
168 178
351 281
351 212
151 283
177 335
66 11
6 170
223 224
208 242
210 87
304 144
103 224
16 351
325 235
220 28
311 264
298 277
176 90
323 336
288 222
254 338
37 264
58 82
319 297
368 244
225 169
317 206
123 92
257 345
294 61
17 163
199 112
164 75
148 360
349 206
65 116
125 127
168 160
353 100
195 220
125 3
208 337
12 192
35 161
24 67
120 55
234 67
74 95
113 232
62 163
47 213
215 297
349 120
214 375
249 265
105 71
233 26
51 63
54 24
31 173
82 119
85 154
345 69
181 60
164 196
129 46
99 82
28 78
346 16
89 72
146 129
240 236
130 71
149 148
132 246
333 104
120 27
1 323
369 348
294 38
259 64
298 173
64 56
101 109
49 127
269 284
15 200
321 342
109 291
81 191
128 104
365 157
324 356
181 157
223 205
300 176
17 143
137 297
184 339
24 274
223 82
85 29
88 292
153 291
355 315
304 332
140 34
37 107
336 61
132 228
17 247
291 39
265 247
353 191
62 204
141 31
306 207
255 48
147 208
25 192
200 271
122 170
344 96
126 295
240 17
76 162
296 259
340 212
268 230
147 121
134 76
7 214
320 8
49 17
16 273
204 205
82 91
66 289
175 363
324 44
145 332
201 319
184 353
196 102
35 365
312 80
4 219
157 333
285 312
289 352
237 106
310 288
147 126
367 108
100 361
354 66
250 192
245 75
109 374
181 25
13 136
61 361
193 238
266 236
344 110
318 109
234 331
126 160
219 53
221 148
319 275
298 249
118 83
301 92
6 4
245 84
249 17
323 128
143 218
291 312
121 184
272 85
104 100
49 4
324 138
55 106
69 132
46 166
67 255
105 304
182 229
74 151
292 34
134 339
214 237
198 363
181 289
291 289
69 33
256 55
132 199
44 353
155 213
309 62
257 40
347 276
75 87
297 34
340 317
237 264
171 211
176 230
287 103
37 49
241 11
60 246
64 241
321 147
302 175
144 270
148 334
186 249
27 289
170 241
231 204
161 112
15 341
329 92
240 220
242 125
267 217
270 317
272 172
150 205
26 87
245 321
192 371
341 291
223 244
150 188
249 188
142 106
256 180
349 340
119 361
303 157
254 318
181 70
186 115
132 301
226 13
19 117
150 183
46 325
264 76
300 301
309 9
138 163
232 26
87 132
48 239
243 71
263 146
267 256
268 353
142 23
258 372
208 252
64 198
321 102
164 161
353 248
281 372
232 1
322 328
190 158
32 296
16 7
330 363
367 55
98 82
4 289
28 265
268 280
272 288
58 170
242 328
298 182
246 245
253 210
205 154
324 99
307 45
181 81
37 311
193 214
287 179
36 113
130 234
150 233
154 228
268 279
342 266
324 257
127 202
274 55
226 137
76 313
319 14
345 122
46 170
96 42
66 243
139 38
86 291
289 216
241 199
217 289
292 309
185 264
223 320
118 99
71 347
214 171
246 274
265 305
236 297
298 331
356 8
89 88
350 14
227 321
54 112
291 51
166 27
353 171
251 129
17 329
36 325
370 68
109 232
213 197
69 192
126 307
165 162
223 289
27 129
191 199
142 370
200 213
1 322
167 303
38 88
119 344
361 77
256 276
86 47
119 201
118 107
342 104
182 363
94 82
168 293
318 193
103 175
66 300
247 218
269 276
240 140
205 364
355 173
214 207
53 67
240 27
226 66
99 208
11 140
213 269
69 67
296 172
333 25
229 88
345 46
48 358
108 192
166 159
330 345
251 261
253 121
39 41
4 205
372 345
321 268
285 318
359 283
354 332
325 355
222 91
60 75
151 124
25 200
219 373
292 133
149 183
374 68
178 211
125 56
17 87
368 280
131 219
16 1
162 84
355 115
32 62
240 177
349 60
7 33
211 71
122 189
92 143
280 1
334 244
190 89
120 320
87 307
151 29
282 135
110 206
330 96
281 215
249 334
361 18
234 288
147 30
295 355
152 211
121 191
105 21
98 44
220 36
243 304
281 216
161 101
313 162
152 171
230 275
322 67
54 193
40 314
156 222
140 256
234 131
235 19
328 68
92 229
95 104
263 166
230 86
360 138
268 51
307 120
56 131
64 264
197 228
80 136
282 169
28 341
86 146
203 35
42 274
65 6
12 80
18 299
273 49
277 340
210 290
84 149
125 213
366 225
186 331
98 57
66 174
197 291
187 184
243 263
134 170
229 248
122 290
359 19
215 270
71 80
152 128
121 234
72 119
100 250
268 176
341 133
212 56
74 57
312 292
167 94
245 48
47 366
303 165
256 315
65 16
265 35
340 331
342 51
70 212
328 307
113 300
297 165
66 49
29 187
105 250
31 203
69 4
188 73
306 60
142 117
17 183
149 13
352 247
206 214
286 203
301 194
116 266
371 2
248 130
175 100
18 276
239 251
136 364
69 13
36 302
336 112
204 190
134 12
29 293
156 112
64 77
356 27
184 289
311 187
224 242
117 318
82 317
156 129
270 137
265 271
367 358
323 41
120 161
52 315
236 245
147 233
23 305
120 272
335 368
45 320
179 297
34 51
256 249
21 311
12 337
307 320
255 30
351 188
62 219
355 185
364 57
3 232
4 250
62 304
127 362
242 217
298 17
119 107
123 108
113 22
173 74
257 297
146 108
41 322
352 366
334 103
263 89
151 313
177 166
75 115
144 343
36 333
347 295
266 246
375 312
246 15
211 27
220 219
21 289
319 220
124 356
275 346
367 277
259 216
34 373
109 282
219 179
56 271
61 2
175 14
358 96
180 234
346 165
38 248
41 255
43 299
21 1
226 276
121 58
11 55
210 280
39 40
223 287
207 44
31 242
73 8
132 237
299 340
85 203
240 300
192 116
84 66
304 163
287 367
73 362
166 151
42 308
285 240
313 255
170 144
26 118
6 76
283 116
242 318
81 49
181 246
113 43
78 358
192 75
301 295
304 90
51 333
103 233
310 64
43 10
302 115
143 223
201 124
137 233
241 149
260 281
82 370
46 116
178 276
40 248
275 188
220 11
66 75
161 72
306 103
209 142

294 188
112 201
201 72
40 202
202 179
23 203
203 88
34 204
204 95
68 205
205 50
107 206
206 92
161 207
207 196
185 208
208 129
118 209
209 139
193 210
210 21
32 211
211 15
159 212
212 83
10 213
213 70
185 214
214 22
35 215
215 184
174 216
216 99
168 217
217 102
178 218
218 52
139 219
219 40
115 220
220 100
59 221
221 102
124 222
222 2
47 223
223 6
77 224
224 61
148 225
225 83
88 226
226 178
82 227
227 87
120 228
228 94
170 229
229 17
183 230
230 124
13 231
231 69
145 232
232 191
164 233
233 43
161 234
234 120
143 235
235 181
84 236
236 65
173 237
237 144
177 238
238 127
124 239
239 35
66 240
240 78
14 241
241 157
99 242
242 87
108 243
243 5
148 244
244 21
143 245
245 168
77 246
246 168
158 247
247 95
191 248
248 21
23 249
249 165
140 250
250 129
112 251
251 181
20 252
252 83
124 253
253 192
13 254
254 116
51 255
255 30
172 256
256 8
74 257
257 76
189 258
258 194
179 259
259 35
86 260
260 30
45 261
261 175
50 262
262 71
155 263
263 137
187 264
264 123
99 265
265 194
165 266
266 17
9 267
267 80
8 268
268 62
40 269
269 178
50 270
270 131
11 271
271 64
35 272
272 18
46 273
273 21
155 274
274 55
159 275
275 8
162 276
276 146
89 277
277 24
11 278
278 105
141 279
279 58
16 280
280 186
183 281
281 189
195 282
282 35
13 283
283 163
173 284
284 25
182 285
285 164
80 286
286 21
1 287
287 124
139 288
288 173
113 289
289 188
68 290
290 185
74 291
291 93
101 292
292 151
30 293
293 173
172 294
294 168

238 136
27 171
171 21
152 172
172 108
17 173
173 126
116 174
174 158
115 175
175 14
109 176
176 91
143 177
177 61
114 178
178 144
122 179
179 69
2 180
180 54
52 181
181 75
12 182
182 75
30 183
183 68
17 184
184 16
103 185
185 61
38 186
186 16
14 187
187 22
34 188
188 167
16 189
189 1
126 190
190 129
77 191
191 63
14 192
192 31
96 193
193 35
131 194
194 45
99 195
195 64
54 196
196 108
23 197
197 54
75 198
198 41
52 199
199 32
164 200
200 140
150 201
201 152
82 202
202 18
70 203
203 27
161 204
204 29
52 205
205 111
62 206
206 18
5 207
207 66
109 208
208 85
76 209
209 47
106 210
210 65
126 211
211 73
29 212
212 127
102 213
213 31
164 214
214 59
147 215
215 59
10 216
216 79
20 217
217 101
120 218
218 131
151 219
219 47
123 220
220 145
91 221
221 95
117 222
222 131
1 223
223 97
135 224
224 66
67 225
225 152
68 226
226 22
62 227
227 28
112 228
228 9
138 229
229 144
93 230
230 33
67 231
231 107
50 232
232 90
130 233
233 87
136 234
234 8
158 235
235 69
121 236
236 136
16 237
237 141
136 238
238 4

269 182
158 179
179 169
23 180
180 160
48 181
181 20
33 182
182 160
22 183
183 173
30 184
184 23
58 185
185 130
94 186
186 139
14 187
187 122
103 188
188 93
143 189
189 62
140 190
190 52
28 191
191 10
10 192
192 147
31 193
193 24
126 194
194 83
27 195
195 128
34 196
196 144
33 197
197 90
79 198
198 85
149 199
199 36
77 200
200 7
145 201
201 87
63 202
202 131
77 203
203 110
174 204
204 56
109 205
205 126
58 206
206 59
70 207
207 107
152 208
208 122
103 209
209 89
147 210
210 153
71 211
211 74
157 212
212 78
72 213
213 110
172 214
214 64
78 215
215 50
42 216
216 89
32 217
217 101
33 218
218 43
142 219
219 29
1 220
220 50
25 221
221 107
136 222
222 96
174 223
223 161
133 224
224 58
26 225
225 175
9 226
226 96
144 227
227 29
39 228
228 103
177 229
229 54
4 230
230 22
92 231
231 90
151 232
232 135
44 233
233 136
106 234
234 104
34 235
235 60
154 236
236 65
108 237
237 153
54 238
238 19
90 239
239 81
145 240
240 81
5 241
241 163
24 242
242 6
4 243
243 175
87 244
244 8
10 245
245 44
29 246
246 87
92 247
247 59
105 248
248 88
54 249
249 37
168 250
250 100
32 251
251 1
54 252
252 25
90 253
253 87
173 254
254 111
16 255
255 2
71 256
256 146
39 257
257 121
99 258
258 105
96 259
259 157
92 260
260 152
140 261
261 152
166 262
262 121
152 263
263 171
39 264
264 6
2 265
265 119
55 266
266 143
69 267
267 138
100 268
268 45
50 269
269 21

247 170
9 163
163 45
130 164
164 157
109 165
165 34
44 166
166 59
9 167
167 111
116 168
168 149
4 169
169 146
65 170
170 112
119 171
171 61
22 172
172 79
138 173
173 108
158 174
174 41
87 175
175 105
20 176
176 29
103 177
177 28
139 178
178 92
123 179
179 109
91 180
180 95
55 181
181 44
108 182
182 10
83 183
183 97
143 184
184 47
28 185
185 19
64 186
186 1
142 187
187 60
74 188
188 133
157 189
189 15
52 190
190 3
56 191
191 92
154 192
192 119
30 193
193 52
150 194
194 111
155 195
195 51
84 196
196 11
80 197
197 60
29 198
198 65
52 199
199 135
113 200
200 131
6 201
201 120
109 202
202 25
70 203
203 27
121 204
204 78
97 205
205 39
43 206
206 76
66 207
207 53
110 208
208 29
47 209
209 71
33 210
210 14
21 211
211 151
73 212
212 129
74 213
213 48
145 214
214 151
18 215
215 123
156 216
216 63
150 217
217 46
137 218
218 155
78 219
219 154
56 220
220 47
143 221
221 114
80 222
222 116
43 223
223 79
53 224
224 140
150 225
225 110
34 226
226 68
56 227
227 63
3 228
228 104
64 229
229 123
32 230
230 128
56 231
231 140
88 232
232 71
147 233
233 79
8 234
234 65
17 235
235 103
56 236
236 90
153 237
237 103
111 238
238 38
39 239
239 5
21 240
240 11
135 241
241 41
151 242
242 33
136 243
243 12
108 244
244 111
162 245
245 15
47 246
246 69
112 247
247 114

299 204
28 198
198 62
1 199
199 196
65 200
200 39
160 201
201 190
180 202
202 196
93 203
203 113
112 204
204 170
108 205
205 186
176 206
206 187
11 207
207 129
20 208
208 146
113 209
209 27
119 210
210 125
169 211
211 28
180 212
212 170
147 213
213 2
144 214
214 85
162 215
215 37
89 216
216 67
45 217
217 117
56 218
218 50
25 219
219 10
29 220
220 95
1 221
221 175
11 222
222 173
54 223
223 157
156 224
224 103
96 225
225 162
135 226
226 96
155 227
227 149
3 228
228 135
119 229
229 56
191 230
230 6
24 231
231 80
136 232
232 95
46 233
233 136
42 234
234 110
135 235
235 63
95 236
236 40
114 237
237 111
6 238
238 161
192 239
239 102
160 240
240 95
169 241
241 1
178 242
242 172
54 243
243 112
23 244
244 194
178 245
245 52
135 246
246 83
8 247
247 13
111 248
248 194
109 249
249 153
43 250
250 34
137 251
251 22
194 252
252 193
55 253
253 85
174 254
254 96
57 255
255 53
40 256
256 165
192 257
257 34
117 258
258 19
93 259
259 10
14 260
260 8
193 261
261 69
96 262
262 189
45 263
263 56
140 264
264 173
194 265
265 62
42 266
266 60
143 267
267 17
66 268
268 9
174 269
269 94
25 270
270 83
63 271
271 77
59 272
272 37
2 273
273 51
60 274
274 73
119 275
275 46
170 276
276 35
154 277
277 143
96 278
278 128
105 279
279 14
147 280
280 91
195 281
281 146
161 282
282 20
19 283
283 149
166 284
284 174
54 285
285 86
165 286
286 38
53 287
287 8
92 288
288 111
17 289
289 172
2 290
290 98
25 291
291 34
146 292
292 131
67 293
293 86
90 294
294 58
147 295
295 122
1 296
296 27
18 297
297 80
41 298
298 107
74 299
299 22

383 1869
140 226
286 321
73 193
76 378
301 51
70 264
51 195
288 287
53 166
146 213
143 183
374 87
34 8
5 84
207 381
209 118
200 239
107 185
325 349
135 204
319 78
122 278
3 147
352 287
88 265
329 33
190 72
104 137
344 191
203 274
186 326
354 337
100 256
45 54
249 176
231 320
128 22
90 343
160 18
354 192
103 337
361 114
307 202
237 373
354 179
177 288
379 185
128 172
348 271
243 227
79 82
151 353
9 50
107 365
348 113
5 70
22 358
246 239
121 313
49 52
23 108
164 220
366 78
283 20
305 255
155 278
22 175
287 217
270 259
56 139
276 91
335 205
249 209
340 248
13 174
21 265
381 103
11 303
344 309
324 112
272 22
184 269
188 154
230 261
340 354
66 55
214 301
307 176
20 222
225 357
336 91
27 305
272 13
294 292
264 172
12 71
306 356
160 380
347 84
223 228
72 136
276 274
22 266
117 77
136 15
66 208
3 244
270 276
250 151
344 208
272 290
201 156
116 41
65 199
247 251
216 341
125 293
343 153
329 237
112 235
187 283
227 119
63 14
11 28
198 308
46 61
32 214
40 374
314 58
335 283
120 51
374 311
142 68
181 55
112 226
4 109
152 291
196 31
324 84
199 2
110 118
243 92
99 182
32 237
35 213
127 364
293 218
266 66
359 329
222 195
246 272
172 230
142 79
21 236
323 154
354 241
46 220
375 293
305 297
215 155
2 49
314 342
82 227
162 372
299 53
162 314
40 77
85 8
340 256
245 179
172 22
48 12
216 72
219 213
86 330
317 299
87 90
179 237
331 83
63 360
32 20
51 368
252 10
201 265
371 121
171 116
323 305
198 272
255 156
330 293
6 326
358 288
362 210
55 320
62 121
246 191
30 6
130 306
21 150
274 75
116 20
218 165
48 353
105 44
142 36
349 47
132 30
43 38
79 305
355 175
56 219
51 160
211 35
242 269
118 77
104 310
378 317
106 198
326 126
322 351
276 137
209 154
320 362
366 16
97 183
138 300
230 373
197 116
148 133
61 26
62 301
38 298
131 212
263 357
251 62
34 111
91 98
83 149
276 347
300 161
51 327
200 21
223 77
156 301
140 124
236 200
327 340
382 332
330 350
277 309
117 182
154 358
376 95
175 140
383 203
366 179
21 348
132 100
192 76
214 359
326 310
92 26
149 77
223 172
9 141
232 66
126 340
331 349
152 206
8 371
7 176
13 340
294 248
335 153
106 51
252 355
77 325
272 353
369 374
206 238
300 151
229 311
285 80
143 182
199 53
201 302
115 176
266 303
30 284
235 180
100 192
211 63
300 54
33 342
178 268
34 9
274 229
285 195
331 291
121 302
195 38
16 377
35 122
381 303
363 306
115 383
267 95
108 345
315 331
337 151
28 186
90 50
97 76
84 129
143 93
293 320
222 243
167 363
102 174
160 27
159 61
144 266
91 78
225 337
247 323
236 362
24 383
207 155
356 201
199 365
41 42
147 160
111 211
139 344
362 35
145 4
174 12
28 343
29 351
251 211
132 88
297 338
99 7
308 204
38 169
47 156
118 3
359 303
162 95
352 12
372 71
83 359
217 40
343 141
1 129
235 3
144 89
330 277
186 126
267 268
287 193
126 379
278 347
56 2
80 376
172 278
65 244
282 370
88 200
87 16
3 97
223 15
351 90
62 139
10 344
23 211
34 288
331 375
335 210
246 70
323 49
1 354
203 234
293 191
65 205
301 175
6 232
364 260
220 1
223 116
67 197
140 181
147 221
116 276
6 352
101 147
360 232
52 166
383 195
251 14
149 350
178 104
308 366
311 260
70 28
266 208
34 340
345 300
189 48
27 157
209 361
159 316
36 124
120 378
240 276
42 22
82 129
66 176
103 277
16 330
41 342
167 71
62 188
211 153
234 169
68 195
183 306
25 144
62 271
248 146
366 359
94 124
136 199
340 36
280 241
377 25
214 334
205 382
133 375
45 149
144 37
294 321
26 9
230 352
264 329
302 257
60 307
227 143
37 65
107 319
12 128
312 346
167 307
173 72
301 147
73 332
146 106
369 296
169 155
352 149
45 142
177 286
130 67
50 353
217 304
219 212
163 219
161 211
365 222
21 327
83 264
374 281
105 45
270 19
238 82
167 114
171 119
161 61
364 41
146 204
21 110
244 281
359 173
197 18
55 323
7 220
10 64
234 41
16 236
81 93
45 111
138 236
105 343
253 140
254 191
36 374
129 60
294 283
125 144
7 196
126 288
128 313
159 281
131 238
60 216
5 126
136 312
119 112
295 94
208 192
156 109
257 120
223 274
138 301
71 19
213 275
162 38
93 83
195 50
16 218
15 178
130 261
205 213
374 185
11 356
231 175
106 116
133 340
134 162
377 372
379 159
133 42
375 75
13 143
57 333
221 151
178 161
222 174
352 217
121 89
94 275
205 276
284 274
73 175
382 372
82 368
125 206
217 277
149 302
349 76
369 184
169 299
266 349
86 255
287 351
17 292
228 15
102 330
51 197
130 57
306 44
177 242
88 126
328 354
128 79
372 107
155 365
193 261
11 314
328 241
265 334
377 209
13 99
324 5
170 309
93 71
281 334
124 103
295 277
225 118
136 62
52 107
184 35
130 374
21 261
152 76
61 174
320 104
106 34
118 367
155 275
50 227
141 312
55 285
295 274
196 213
94 38
66 82
340 98
188 191
39 158
224 48
279 193
105 294
182 121
316 44
8 214
134 321
338 270
144 91
20 296
332 74
133 119
103 99
113 125
78 216
218 272
114 353
84 118
105 303
326 223
74 140
225 40
23 213
209 228
63 98
284 333
175 83
178 350
204 52
171 197
194 126
231 280
323 75
35 136
382 81
256 350
169 264
52 216
95 209
100 236
358 86
31 180
341 305
17 27
163 68
347 86
76 117
85 129
195 10
17 353
201 362
112 246
277 69
334 14
143 155
115 157
297 2
83 68
33 197
35 297
216 292
172 374
15 66
328 140
280 228
321 115
90 304
91 162
184 181
123 210
167 73
355 140
213 54
144 40
81 281
248 140
274 160
278 365
334 382
197 371
200 307
148 51
369 247
321 116
51 287
257 26
313 101
354 244
29 366
363 366
291 359
60 326
49 358
310 176
368 151
314 191
299 372
212 34
199 215
190 341
41 288
307 142
116 354
358 227
271 116
132 244
243 212
106 235
306 76
324 371
1 149
321 280
25 71
337 309
120 67
63 365
343 379
312 202
108 197
230 326
213 193
77 316
151 314
181 366
75 265
77 141
277 128
281 125
227 183
223 89
156 233
122 124
179 239
77 30
207 261
379 282
310 123
185 69
266 245
357 335
251 267
25 165
327 182
2 110
8 345
246 2
231 97
268 237
345 184
368 188
60 194
82 284
49 26
162 132
181 152
1 351
40 174
186 213
17 130
370 114
153 126
79 307
219 180
101 96
188 279
298 102
340 202
216 88
53 240
187 28
2 350
203 188
95 54
210 38
138 347
254 141
163 337
241 271
350 204
46 254
218 9
220 354
351 343
317 142
46 105
69 72
143 123
37 31
293 229
263 359
359 356
17 227
3 16
367 211
9 313
65 180
265 135
297 211
114 14
327 342
327 157
55 312
177 199
61 6
270 210
218 131
166 372
277 164
226 195
317 333
172 139
252 185
187 155
154 344
40 149
271 349
59 286
334 73
375 210
140 117
92 350
310 246
6 223
211 56
375 67
73 63
184 22
197 331
342 251
326 97
331 118
209 131
15 325
241 306
59 279
355 205
90 41
250 343
185 87
139 300
13 331
345 157
54 194
366 208
369 39
85 227
180 201
218 260
367 238
184 126
63 225
225 235
379 308
70 93
237 377
2 213
224 365
279 291
340 307
11 280
74 162
147 43
350 59
298 69
210 300
106 144
78 207
49 48
88 245
161 129
363 77
222 128
120 123
283 268
162 352
39 113
332 253
57 178
183 331
276 95
297 182
337 31
15 105
365 20
270 230
332 78
137 256
83 137
326 74
222 139
260 23
64 101
229 288
233 165
90 147
322 364
312 208
354 73
101 358
321 333
51 219
255 283
158 29
10 182
319 128
311 31
151 61
161 147
326 77
261 168
191 43
272 9
365 303
112 322
43 96
28 129
359 156
121 351
89 262
183 3
167 272
373 70
169 180
265 361
34 320
129 124
332 234
29 6
55 363
80 226
155 7
339 153
33 265
217 14
256 232
196 86
140 288
253 212
1 145
37 184
276 285
4 122
336 85
119 378
336 71
346 18
184 286
206 69
248 134
212 372
216 111
148 70
123 93
166 138
128 58
19 134
191 75
275 240
51 281
36 341
239 302
119 371
50 44
112 381
267 309
124 154
22 57
358 65
86 90
53 112
89 281
239 125
41 158
208 239
207 297
209 186
164 116
202 107
94 320
88 334
207 259
356 157
177 168
100 333
102 226
357 122
322 140
362 119
186 370
280 243
68 165
348 213
369 309
120 172
320 179
71 190
8 312
337 110
366 147
261 254
376 360
49 201
216 220
363 351
327 365
254 156
350 107
248 162
340 370
331 266
282 311
66 104
33 302
325 371
237 17
40 168
234 191
223 83
98 341
194 138
140 82
159 141
354 113
118 222
137 58
273 253
130 203
124 352
141 62
168 61
325 380
202 60
104 321
251 146
118 166
45 254
140 73
161 52
350 85
155 89
46 103
67 219
338 134
57 321
383 290
371 298
42 98
328 215
147 304
38 252
258 245
208 194
153 12
50 218
61 356
317 28
68 40
214 219
345 280
294 355
78 65
334 314
360 358
269 234
127 266
242 259
152 114
372 24
41 228
169 319
29 11
376 277
48 274
322 282
83 166
115 354
140 127
216 184
71 10
193 152
339 233
323 99
310 314
366 199
368 162
167 377
378 330
34 101
36 286
104 158
249 328
47 133
362 162
326 324
214 143
380 308
365 40
94 51
206 322
317 325
190 45
137 167
345 4
302 15
105 305
112 301
183 199
267 168
244 137
44 30
340 239
221 231
65 336
342 334
112 213
22 363
313 165
240 51
294 143
80 7
151 356
92 89
94 61
277 190
300 241
229 96
323 231
235 121
135 193
265 162
251 332
144 215
309 169
188 347
92 145
192 370
50 295
152 312
76 74
242 350
88 253
289 76
258 112
200 353
10 341
68 227
42 287
24 96
10 292
253 42
236 38
169 203
189 120
304 275
123 73
178 308
157 213
14 187
200 360
280 239
260 31
359 14
217 94
109 333
333 261
151 258
22 320
322 54
292 287
57 195
278 350
9 32
192 320
250 129
178 303
275 229
59 16
314 264
233 261
324 123
35 341
110 97
311 160
238 175
248 128
29 5
216 105
87 371
325 4
167 187
117 311
109 104
36 216
58 368
131 17
226 241
83 360
282 307
3 333
39 135
259 333
67 371
77 278
62 256
289 177
315 43
81 236
248 246
249 232
322 187
362 2
199 227
112 144
229 141
187 287
71 287
357 297
305 307
19 359
78 24
374 105
125 3
165 2
245 303
197 369
218 323
318 190
264 246
357 338
72 9
56 376
5 321
355 260
235 369
61 106
71 337
368 339
331 89
37 364
155 154
377 30
189 204
62 170
211 163
233 114
155 117
197 45
202 184
381 380
147 284
177 300
371 199
212 96
50 71
327 42
129 39
22 225
177 275
252 126
90 65
24 46
291 81
314 335
247 42
318 286
40 56
169 340
47 224
87 180
271 61
47 81
31 326
96 275
95 293
295 206
9 119
252 347
108 176
95 330
150 382
138 235
325 177
162 245
27 228
120 194
66 345
208 277
39 348
219 381
170 171
334 304
336 191
47 251
125 32
295 244
53 254
369 57
337 255
340 59
110 319
313 31
116 31
211 261
69 276
236 190
57 34
186 267
331 210
206 8
99 78
146 280
116 320
264 360
50 265
179 87
271 176
152 115
44 372
172 142
145 373
30 116
201 343
203 183
324 32
305 241
306 193
290 304
353 58
95 373
154 61
320 376
48 93
29 85
377 172
272 64
237 210
99 196
248 191
32 342
322 169
183 43
64 337
102 185
51 291
93 367
349 133
258 305
44 258
299 10
304 95
306 248
364 8
334 261
370 208
7 172
246 108
194 260
198 131
201 321
114 175
59 111
357 281
326 246
56 321
19 311
39 125
210 160
124 107
52 248
316 303
173 242
232 263
198 250
81 38
104 278
52 30
144 279
127 177
2 288
166 34
131 92
336 116
318 292
255 221
332 192
379 316
26 221
288 162
87 366
90 62
71 240
235 38
93 3
239 85
77 90
225 228
126 278
222 134
260 42
16 211
212 152
21 262
257 82
77 369
42 277
189 13
123 265
283 121
4 166
356 324
304 285
250 124
31 218
296 124
155 380
195 24
341 89
329 211
126 47
1 140
114 216
247 340
238 9
11 68
97 82
337 22
264 76
255 123
21 202
256 151
205 232
372 242
357 317
34 327
272 11
190 151
248 378
375 137
196 183
273 44
225 158
35 141
129 336
366 295
131 43
205 16
159 20
72 347
271 272
360 86
42 270
23 239
265 37
220 255
304 258
56 13
114 319
102 78
90 251
110 28
347 216
311 267
23 119
158 328
377 320
249 382
286 35
299 180
137 100
66 2
375 12
183 19
245 155
159 26
380 40
162 215
163 223
239 296
370 82
136 59
232 34
158 283
381 7
255 231
312 167
160 272
289 329
202 183
225 161
375 5
245 100
32 4
93 336
39 180
211 157
126 264
356 267
154 71
194 46
68 94
363 240
273 8
202 331
82 229
193 337
29 128
35 169
328 189
119 25
284 114
364 365
239 318
370 68
208 119
4 224
18 379
332 84
380 371
348 63
276 332
67 20
54 315
97 362
37 105
186 32
332 326
102 259
285 300
68 76
234 340
126 133
199 305
383 318
336 268
295 164
162 251
166 100
57 83
188 209
358 330
322 100
164 284
40 343
140 357
269 71
291 38
205 223
108 379
54 268
96 205
209 309
33 7
125 78
81 371
304 324
143 127
38 308
320 9
324 363
364 194
137 59
209 157
373 29
109 380
241 268
77 339
22 316
5 284
63 95
357 163
67 152
312 81
244 363
193 133
12 4
17 87
78 376
203 364
302 144
33 311
342 236
367 289
316 52
302 3
158 217
262 230
352 137
241 150
270 157
50 257
43 216
381 167
168 257
187 47
130 317
205 202
298 137
211 223
305 233
162 338
381 94
181 97
265 80
27 202
68 24
288 286
289 128
26 123
269 211
52 97
273 223
205 114
136 156
327 110
66 270
42 234
229 205
141 177
200 8
329 81
131 272
28 184
266 159
128 281
95 240
151 361
7 245
255 40
36 191
166 382
172 344
370 135
231 321
270 82
168 73
67 231
91 253
115 188
116 227
88 271
234 274
241 185
5 54
261 92
47 122
285 283
324 295
345 235
308 25
185 338
204 154
347 341
279 87
302 172
91 343
182 203
279 196
70 75
135 80
142 130
74 233
58 47
149 212
161 337
293 372
187 75
319 83
302 183
270 92
332 301
72 232
368 25
69 37
363 286
291 128
151 372
264 307
268 176
125 238
53 300
99 357
77 75
65 313
230 102
278 102
222 316
332 159
115 345
145 207
92 242
365 300
350 128
206 126
117 246
178 346
272 155
221 88
81 240
372 36
303 332
244 30
299 214
173 102
214 295
164 162
102 39
49 169
323 365
120 277
75 3
5 153
171 161
263 138
362 246
267 258
13 333
354 30
134 125
45 334
261 374
343 158
167 83
22 219
180 145
354 254
131 378
315 188
208 18
379 91
6 163
119 149
263 272
85 293
123 94
380 359
271 240
206 177
151 69
155 142
51 282
239 299
295 16
116 166
11 18
269 320
23 207
246 131
243 93
12 115
18 262
291 188
314 176
183 102
158 97
34 51
382 78
330 80
225 273
79 170
83 376
135 339
216 290
257 30
97 148
356 9
266 196
183 265
97 5
99 188
381 313
177 173
233 24
178 382
280 217
331 273
299 360
366 143
41 204
185 63
364 180
91 382
80 50
98 305
339 201
286 21
146 325
12 240
168 121
43 145
228 147
65 279
184 334
313 123
122 166
72 57
231 292
149 155
99 170
30 246
287 150
198 162
328 349
383 226
165 59
133 66
376 73
232 334
144 319
272 260
183 118
324 56
164 112
206 60
264 237
127 178
122 346
288 243
55 297
77 305
251 241
75 359
160 231
159 81
80 334
160 86
255 50
21 1
34 140
307 22
54 75
57 136
58 6
332 54
11 201
168 276
205 70
281 91
341 177
317 1
156 106
188 224
9 133
300 55
218 21
170 144
151 150
361 63
64 301
230 64
292 344
134 69
172 136
300 341
105 187
61 246
195 343
236 198
1 79
239 203
219 55
134 207
304 194
159 76
16 214
275 374
44 252
136 101
374 382

264 148
104 191
191 185
12 192
192 85
85 193
193 52
93 194
194 135
42 195
195 49
136 196
196 172
100 197
197 101
42 198
198 16
23 199
199 150
159 200
200 134
23 201
201 98
69 202
202 83
173 203
203 102
178 204
204 38
132 205
205 150
124 206
206 27
43 207
207 83
11 208
208 24
184 209
209 118
101 210
210 124
65 211
211 175
88 212
212 181
129 213
213 33
149 214
214 56
162 215
215 122
118 216
216 116
185 217
217 144
118 218
218 94
152 219
219 80
158 220
220 23
2 221
221 52
4 222
222 126
183 223
223 78
152 224
224 184
88 225
225 86
97 226
226 175
159 227
227 153
130 228
228 56
140 229
229 130
71 230
230 9
6 231
231 4
186 232
232 46
102 233
233 71
96 234
234 116
73 235
235 162
187 236
236 38
69 237
237 19
188 238
238 85
61 239
239 183
155 240
240 132
66 241
241 65
30 242
242 190
12 243
243 157
80 244
244 133
99 245
245 181
169 246
246 45
103 247
247 32
98 248
248 105
46 249
249 148
136 250
250 150
88 251
251 125
32 252
252 109
176 253
253 23
95 254
254 49
106 255
255 146
24 256
256 78
179 257
257 89
129 258
258 38
76 259
259 107
36 260
260 184
18 261
261 40
11 262
262 25
161 263
263 33
173 264
264 93
