820 1885
653 406
553 79
560 241
582 550
162 53
552 597
700 323
616 125
230 566
343 696
381 272
719 632
445 563
119 513
359 600
396 450
255 167
591 372
705 398
304 732
57 354
132 628
671 774
682 454
161 140
490 714
367 319
115 123
800 415
792 461
625 123
534 501
295 387
479 678
405 634
818 15
674 638
780 87
359 311
381 177
276 632
405 502
358 62
694 594
397 9
579 443
817 498
754 344
747 782
805 796
646 174
498 407
436 193
17 736
297 203
444 603
262 566
413 79
142 567
761 223
251 787
22 637
451 407
134 314
802 496
513 152
272 165
599 801
165 567
685 320
83 351
413 72
52 546
329 652
693 177
645 580
498 652
544 500
229 422
748 655
184 78
2 45
765 295
693 58
755 540
259 685
557 313
98 629
751 7
163 614
592 660
419 752
775 279
190 269
83 469
361 539
234 228
363 382
722 410
482 589
494 683
189 785
212 260
157 712
715 534
57 749
683 154
222 554
545 221
396 707
343 153
589 598
698 504
191 101
629 314
351 516
325 558
699 107
221 56
364 654
349 723
26 508
346 816
330 86
294 48
418 331
222 278
560 480
252 108
17 494
573 220
634 474
763 562
291 616
666 612
350 5
245 300
409 611
545 126
746 220
35 162
74 459
554 650
461 442
815 511
407 610
802 77
513 585
626 466
77 436
770 341
238 50
407 661
818 659
112 50
807 2
173 621
125 103
306 33
73 333
736 155
756 292
258 713
321 398
58 69
358 350
695 117
676 333
771 541
801 440
455 204
794 28
598 329
509 249
756 283
188 101
118 313
664 100
277 425
154 36
7 91
502 359
315 608
76 175
478 32
173 153
672 83
765 288
132 675
497 471
429 325
744 80
543 522
178 183
107 231
113 764
810 781
54 267
516 354
206 61
280 372
138 293
175 471
400 616
459 310
117 164
373 330
50 274
584 806
572 56
302 723
177 747
412 477
367 200
604 658
181 20
718 703
152 179
570 299
81 174
51 425
108 590
604 587
599 28
598 338
721 434
207 146
462 10
228 137
211 262
344 507
625 94
493 219
43 731
321 362
301 724
548 683
739 620
5 208
542 820
379 13
325 473
55 687
241 108
349 451
812 631
266 450
436 355
536 318
683 226
206 231
615 690
247 372
801 371
4 737
262 809
752 350
625 32
436 385
341 209
271 186
183 633
166 361
121 293
17 660
695 803
21 784
270 444
755 820
748 384
170 7
693 196
262 691
486 392
454 587
76 396
475 620
663 503
409 429
501 95
103 202
269 105
113 36
665 266
510 629
710 252
533 259
79 616
206 725
543 99
124 697
658 33
312 104
461 547
88 527
737 617
148 8
750 240
37 721
97 302
760 655
228 173
697 341
720 269
80 108
244 474
800 661
642 660
576 102
280 461
467 717
312 531
24 29
633 689
579 301
212 639
575 500
411 604
231 660
308 204
538 279
685 420
652 742
145 762
621 700
696 162
679 92
494 784
245 334
623 259
383 752
656 562
315 551
445 322
146 280
765 622
553 582
500 803
140 716
514 811
143 138
661 772
352 293
227 615
376 427
105 102
12 406
737 377
573 296
350 46
212 542
157 614
436 792
204 793
43 214
495 324
274 817
215 257
112 333
409 481
643 677
430 107
40 195
42 36
297 655
172 121
762 477
379 819
489 746
222 691
613 225
355 753
69 670
308 278
297 3
675 220
181 267
454 219
188 467
781 695
145 748
455 711
607 771
677 503
750 151
419 760
159 762
552 180
130 525
330 270
266 163
322 4
124 152
670 285
329 753
237 40
75 687
223 213
759 632
619 426
323 204
217 593
574 567
25 602
317 481
356 601
20 347
168 164
794 782
295 670
449 579
649 446
103 189
373 737
121 486
51 357
624 507
539 456
404 274
522 662
516 590
194 45
160 688
658 105
459 806
546 691
121 689
538 712
498 61
289 417
176 276
327 371
27 130
746 442
153 600
284 469
796 440
772 477
37 658
24 196
83 578
652 356
601 718
94 198
114 119
60 338
316 369
279 383
71 178
53 675
495 392
560 175
14 253
131 118
100 772
429 464
444 755
391 457
247 691
40 272
346 567
498 785
797 65
232 168
748 753
348 454
133 73
504 208
655 537
311 457
538 549
761 763
524 11
307 564
625 818
496 16
793 401
5 272
334 126
125 649
320 157
672 98
51 424
160 310
610 649
395 225
72 263
2 344
284 740
304 165
254 169
473 595
588 324
5 682
13 708
748 377
417 228
238 268
754 541
369 54
507 160
215 595
366 639
365 525
294 445
413 1
776 80
108 558
71 588
535 93
74 281
457 262
720 71
351 679
173 578
28 816
529 426
192 212
436 363
755 677
55 28
405 517
541 216
304 83
626 650
404 788
669 820
28 188
321 529
241 140
665 495
431 504
431 812
31 235
611 545
705 241
816 609
702 568
593 804
650 95
375 709
751 85
290 779
185 108
496 60
189 247
584 145
532 635
582 74
58 350
41 177
171 408
779 274
728 714
84 96
175 267
241 301
21 743
444 376
488 450
455 333
461 433
742 514
11 788
599 143
206 164
769 542
809 487
812 15
30 553
365 753
277 42
83 448
708 258
200 462
575 324
595 711
561 32
412 163
506 706
408 811
158 1
220 157
257 368
685 784
350 781
560 454
360 752
212 758
86 242
43 564
392 658
550 5
570 786
481 247
10 176
618 614
251 115
198 544
645 736
723 119
732 690
570 59
168 630
634 521
638 650
440 75
673 475
454 225
17 471
642 271
727 282
508 551
667 141
435 308
330 34
341 416
444 619
45 483
231 358
86 186
74 47
183 707
593 227
77 541
372 162
640 188
584 506
178 449
732 101
218 405
258 658
632 486
603 167
57 276
277 689
565 227
781 694
649 362
106 549
666 730
336 631
724 810
484 665
299 81
281 766
763 27
68 197
379 239
253 95
588 473
4 698
791 142
704 453
248 140
599 652
765 303
713 281
420 650
130 230
630 663
354 402
263 728
803 213
537 148
495 484
12 738
199 111
661 694
24 240
812 377
207 223
625 602
109 713
171 774
727 773
16 105
71 525
437 381
111 394
49 503
432 505
812 558
467 615
89 652
760 12
226 271
337 784
44 283
352 473
116 223
30 348
128 554
385 454
542 315
802 550
289 601
419 202
333 518
405 148
299 68
344 400
273 116
173 723
409 706
142 374
805 809
373 577
745 552
102 800
620 403
596 549
517 224
538 720
499 385
213 89
330 775
113 157
134 382
82 583
122 165
160 773
50 540
126 318
625 58
511 352
387 783
306 160
479 630
135 298
431 302
790 404
813 472
563 423
286 663
177 577
363 445
676 621
293 591
609 52
740 373
669 228
393 460
625 537
289 693
218 635
244 767
703 5
137 617
356 717
657 693
758 80
770 569
292 226
316 518
726 642
165 359
428 446
412 589
758 130
209 297
410 90
14 487
721 707
547 388
638 557
551 420
369 60
5 125
602 671
243 289
631 792
626 495
703 369
392 753
61 736
92 327
221 101
81 722
527 377
550 127
130 801
387 572
322 229
88 224
458 808
130 285
441 427
485 760
110 513
492 196
247 665
474 129
59 143
333 175
669 96
746 152
783 423
402 616
629 589
579 312
67 108
722 288
622 51
801 682
191 55
247 737
177 621
58 431
792 190
140 697
332 94
685 456
800 776
662 88
792 348
685 345
225 656
429 411
604 148
570 36
184 140
424 667
279 287
298 662
718 338
64 390
639 610
362 151
776 611
760 616
320 250
306 462
165 435
421 340
495 445
25 398
542 741
711 797
590 170
618 339
124 579
159 204
769 371
1 38
302 797
305 360
97 699
490 491
165 102
93 713
11 791
591 756
134 617
318 154
783 116
736 696
570 611
573 75
575 502
323 378
701 316
277 368
432 328
214 591
756 627
208 372
405 753
799 319
214 598
647 525
615 632
523 515
176 353
253 663
70 504
662 683
95 638
773 514
135 52
780 175
231 192
292 707
555 188
815 646
764 238
454 239
812 599
476 595
527 419
272 764
390 790
410 429
198 115
115 127
678 671
281 755
675 565
710 675
532 124
157 390
412 178
358 265
513 235
474 314
93 446
332 121
316 598
704 615
246 814
638 287
184 629
226 240
264 120
463 312
191 391
492 312
382 685
560 746
465 618
448 651
583 498
677 302
686 450
449 577
624 368
423 810
422 700
443 793
541 21
559 413
434 449
34 197
11 808
342 271
534 68
594 412
557 755
689 538
377 22
394 745
9 355
66 372
747 256
18 499
401 505
115 106
667 297
243 8
303 502
680 32
649 782
696 327
256 109
772 687
597 580
429 82
397 734
515 209
438 704
679 386
463 530
524 240
47 270
469 728
628 599
578 722
155 527
727 257
394 441
290 77
75 187
148 83
281 67
688 397
190 600
328 66
701 375
302 225
674 22
87 207
581 387
761 599
213 635
548 690
552 171
717 37
20 363
353 374
493 609
348 52
245 684
531 648
342 761
589 631
444 329
780 307
578 289
808 487
127 537
700 122
667 726
72 396
697 82
237 121
445 279
86 701
621 702
401 699
626 107
330 700
130 305
245 122
373 53
212 696
195 471
786 251
369 472
737 771
442 43
353 732
302 98
792 210
26 96
398 442
311 602
558 585
361 103
120 565
534 123
221 329
313 467
49 257
726 754
347 764
773 654
27 801
781 429
269 153
92 796
201 118
501 208
390 375
692 676
153 371
95 296
647 111
778 234
93 643
177 737
738 108
688 568
176 589
266 425
602 255
627 573
776 480
804 556
397 530
700 7
173 461
175 24
434 162
435 199
55 680
433 616
3 350
722 167
299 788
567 269
328 197
163 603
679 226
596 716
82 76
400 439
571 240
186 651
281 322
357 215
751 507
589 55
581 269
460 166
493 432
705 651
631 689
181 182
196 630
772 577
631 83
82 470
48 804
552 117
453 589
491 662
462 309
373 299
377 578
727 379
585 243
766 199
284 604
732 322
115 726
399 631
535 561
393 650
634 497
559 347
688 779
159 484
792 420
132 205
208 278
501 490
101 85
730 240
538 85
412 508
731 710
806 20
772 396
723 320
107 551
291 153
240 767
349 435
370 335
35 585
111 236
796 482
658 511
415 259
705 483
800 687
415 581
93 22
28 156
104 806
752 519
787 8
330 613
65 653
213 424
588 689
789 305
424 198
780 355
191 481
545 738
698 801
789 214
313 184
477 95
722 91
117 232
409 167
659 365
152 215
474 630
741 532
619 440
729 648
34 580
327 73
681 557
738 582
105 423
36 700
577 699
413 279
342 167
716 523
127 793
704 290
635 809
582 199
603 411
288 111
420 612
154 62
294 339
352 310
38 643
365 433
96 677
79 711
688 814
33 257
92 626
682 203
212 75
582 318
288 102
607 194
407 359
780 738
289 217
554 16
276 404
599 53
233 478
451 531
345 751
180 101
297 558
535 728
537 233
227 130
407 69
567 790
327 600
790 51
169 464
811 738
39 181
95 40
684 174
311 627
155 463
514 778
554 96
747 77
403 634
38 153
651 86
709 409
752 239
271 196
666 659
794 441
460 712
262 371
243 790
136 803
66 627
158 800
342 748
164 527
753 651
545 297
323 327
415 469
473 809
592 780
457 634
673 538
158 521
507 19
183 515
499 269
407 91
90 408
596 698
116 2
82 699
781 251
306 221
273 300
807 796
511 744
374 692
267 145
159 722
755 337
791 151
373 324
197 609
290 69
440 223
261 452
10 68
196 338
593 181
556 63
405 42
503 696
624 39
373 309
21 534
350 192
82 504
321 411
692 544
270 332
112 815
442 359
552 34
75 168
812 646
579 149
247 35
648 794
705 130
690 355
233 815
70 683
549 428
471 381
111 202
663 9
757 222
563 240
312 402
11 53
626 330
807 84
226 531
108 24
789 554
556 158
388 568
579 721
484 734
40 151
593 167
408 667
351 383
487 720
91 299
774 567
21 711
497 302
119 761
726 500
787 807
36 463
543 24
654 53
401 795
1 318
186 431
225 216
252 188
415 656
327 121
131 572
614 721
654 343
620 350
612 275
188 554
321 516
256 511
38 470
630 683
723 225
799 348
430 348
549 810
348 106
406 453
724 253
154 254
49 814
36 287
187 637
531 679
720 284
385 178
189 567
500 134
197 98
577 255
303 475
700 31
759 799
677 595
662 71
753 438
463 336
417 568
241 796
673 786
103 741
509 590
40 27
433 252
234 298
419 500
225 114
795 266
799 759
508 519
553 409
425 689
591 392
795 485
281 533
656 583
201 475
223 320
182 424
753 463
480 802
569 657
441 6
387 94
140 318
768 105
574 621
405 89
775 302
46 357
396 684
406 200
562 617
513 129
514 305
550 14
637 181
17 738
572 539
153 72
709 67
416 475
699 469
297 342
540 310
581 596
33 55
163 769
57 262
148 638
557 177
390 727
528 500
181 173
79 664
190 437
144 183
419 713
408 716
10 768
375 685
247 152
674 538
438 733
364 569
647 813
209 705
323 616
639 86
161 499
440 54
369 112
301 33
231 623
345 255
182 763
551 27
705 210
389 788
764 769
251 702
660 68
5 452
174 581
212 181
451 234
55 500
29 750
568 569
102 561
137 170
644 487
772 700
793 132
481 513
125 556
457 465
759 614
185 626
276 287
387 459
500 320
411 551
251 363
548 664
79 593
333 310
70 605
505 287
95 219
783 37
445 55
510 226
297 289
122 469
1 549
790 818
115 246
156 505
236 321
617 380
734 286
296 773
226 17
368 175
496 500
278 772
48 378
726 733
472 662
81 48
683 807
741 671
541 157
265 642
333 296
550 745
335 736
709 589
191 762
233 343
533 101
75 95
205 133
283 138
161 147
499 210
9 251
504 594
620 205
568 411
217 307
682 729
330 399
755 640
689 279
290 442
648 418
405 32
759 433
501 417
726 58
567 553
749 785
205 190
811 84
281 355
411 515
144 587
272 101
1 441
573 233
775 621
395 730
508 750
258 443
166 784
85 314
20 737
708 310
641 363
743 666
230 380
693 567
243 54
444 314
391 808
69 520
413 347
438 792
98 693
737 106
675 396
401 586
237 409
617 176
372 332
673 297
654 501
654 814
141 502
411 245
56 79
147 453
243 172
173 595
67 551
413 559
704 729
803 72
444 646
211 808
609 282
630 282
134 510
438 351
738 292
581 170
164 145
596 380
232 636
453 125
556 513
618 653
326 788
812 810
437 245
735 521
814 455
14 218
240 345
459 498
295 72
297 377
557 704
545 341
564 567
696 28
80 449
428 516
304 410
37 771
118 56
338 185
4 780
407 449
173 446
747 755
571 727
201 320
668 170
244 687
723 436
174 75
126 320
527 777
498 356
649 759
804 85
501 495
230 125
586 237
384 295
138 378
139 632
176 462
656 499
770 359
649 212
100 101
10 304
525 719
175 511
785 351
114 594
409 694
142 298
257 716
646 321
690 423
194 384
185 8
494 439
188 19
673 162
306 226
454 668
236 359
150 83
410 132
123 197
692 165
159 350
9 52
50 285
28 490
622 406
683 382
259 717
756 789
210 251
430 91
779 408
491 155
152 128
234 721
195 710
180 50
93 474
37 637
224 92
388 522
790 474
639 804
476 373
367 331
557 338
686 654
691 727
35 795
327 660
520 802
170 209
229 423
800 109
272 155
551 133
311 623
313 303
596 463
83 634
158 12
257 727
718 775
647 440
761 377
29 300
128 478
211 316
709 197
729 324
507 408
551 376
315 167
585 754
196 191
748 648
237 597
496 369
175 512
527 735
469 488
704 745
173 95
192 90
400 645
649 547
11 29
586 462
328 466
664 438
782 63
625 573
455 230
194 76
175 521
299 196
64 666
207 816
507 313
142 440
256 145
5 309
188 635
266 221
640 55
401 72
719 311
116 280
138 163
547 584
806 379
164 812
475 126
38 278
79 5
689 654
260 326
187 108
406 389
90 657
440 501
519 233
225 386
405 569
230 328
675 557
160 441
1 430
631 576
83 567
503 390
70 304
514 279
211 596
560 676
220 116
539 606
445 207
195 568
567 158
608 280
453 805
184 327
661 699
193 626
327 810
326 763
575 223
248 745
670 225
84 780
6 533
325 486
491 447
754 507
187 13
188 501
245 196
407 85
462 815
3 56
762 569
150 505
352 415
61 323
504 341
809 257
295 321
388 677
778 422
285 705
768 368
165 480
522 603
478 178
525 470
696 605
224 13
387 414
805 301
429 466
380 77
91 585
771 36
645 72
226 285
411 78
304 4
316 660
154 81
104 166
15 591
312 616
459 715
72 286
818 298
689 95
606 67
531 771
327 348
268 782
414 532
409 577
379 776
420 544
630 34
365 650
671 270
426 810
488 85
70 672
453 462
580 383
672 8
817 558
249 553
532 55
552 728
167 673
4 197
639 475
151 600
616 15
727 659
586 241
229 218
417 413
333 364
118 183
467 48
56 698
665 603
814 707
556 142
749 145
134 60
702 563
136 101
428 424
