10971.2394977
415.700928834
512.753688834
578.764258834
583.790798834
640.812258834
741.827588834
755.839198834
842.875268834
870.866138834
957.902208834
1001.90662883
1070.98626883
1187.98593883
1234.04959883
1287.05434883
1362.14455883
1388.10202883
1491.11121883
1499.20346883
1600.25114883
1606.13815883
1677.17526883
1786.33045883
1808.21575883
1917.37094883
1994.29506883
2014.42370883
2117.43289883
2122.39002883
2225.39921883
2254.49180883
2353.56021883
2356.43970883
2424.59732883
2455.50811883
2552.56087883
2555.63781883
2642.66984883
2738.64018883
2770.76480883
2839.68786883
2841.80191883
2952.77192883
2956.82885883
3023.80903883
3085.87144883
3152.85162883
3198.95550883
3299.92003883
3301.96469883
3414.94697883
3416.00762883
3529.09168883
3529.97391883
3627.02667883
3657.18664883
3726.09508883
3804.25505883
3839.17914883
3905.30273883
3968.22173883
4068.36606883
4081.30579883
4181.45012883
4209.40075883
4294.53418883
4356.46916883
4422.62914883
4519.53249883
4578.73025883
4590.56960883
4693.75719883
4718.66456883
4790.80995883
4832.70749883
4905.83689883
4945.79155883
5006.88457883
5059.83448883
5063.90603883
5172.91854883
5192.00099883
5295.01018883
5301.01350883
5394.07859883
5414.09756883
5557.14192883
5577.16089883
5670.22598883
5676.22930883
5779.23849883
5798.32094883
5907.33345883
5911.40500883
5964.35491883
6025.44793883
6065.40259883
6138.53199883
6180.42953883
6252.57492883
6277.48229883
6380.66988883
6392.50923883
6451.70699883
6548.61034883
6614.77032883
6676.70530883
6761.83873883
6789.78936883
6889.93369883
6902.87342883
7003.01775883
7065.93675883
7132.06034883
7166.98443883
7245.14440883
7314.05284883
7344.21281883
7441.26557883
7442.14780883
7555.23186883
7556.29251883
7669.27479883
7671.31945883
7772.28398883
7818.38786883
7885.36804883
7947.43045883
8014.41063883
8018.46756883
8129.43757883
8131.55162883
8200.47468883
8232.59930883
8328.56964883
8415.60167883
8418.67861883
8515.73137883
8546.64216883
8614.79978883
8617.67927883
8716.74768883
8745.84027883
8848.84946883
8853.80659883
8956.81578883
8976.94442883
9053.86854883
9163.02373883
9184.90903883
9294.06422883
9365.10133883
9370.98834883
9472.03602883
9480.12827883
9583.13746883
9609.09493883
9684.18514883
9737.18989883
9783.25355883
9900.25322883
9969.33286883
10013.3372888
10100.3733588
10128.3642288
10215.4002988
10229.4119088
10330.4272388
10387.4486988
10392.4752388
10458.4858088
10555.5385688
