1000 9890
399 217
293 614
403 26
315 998
176 416
530 531
254 761
440 21
180 95
398 402
276 618
904 307
777 11
192 613
962 25
765 580
259 938
887 81
975 224
599 477
446 769
387 267
952 142
825 384
790 754
81 468
938 929
387 189
419 858
882 706
313 709
98 181
902 671
248 538
480 226
69 468
363 187
565 906
636 548
313 935
705 357
944 923
376 301
84 102
918 483
936 208
870 1000
83 422
110 845
750 435
828 468
386 163
995 637
979 96
989 202
124 889
989 71
738 457
831 868
62 919
604 290
219 964
370 616
794 454
262 304
120 127
631 372
267 74
983 682
881 892
868 26
419 279
662 177
521 803
333 197
246 658
910 879
547 19
613 286
408 83
172 212
656 649
215 86
113 564
510 72
756 298
719 678
695 345
314 500
722 281
190 259
318 468
61 748
488 447
843 631
200 499
932 780
773 256
795 712
94 454
47 623
764 211
178 714
530 631
52 215
427 398
203 869
534 955
901 492
171 195
906 306
105 587
139 5
806 347
152 532
83 808
857 896
70 614
200 800
977 536
756 988
87 717
256 865
981 33
585 712
87 674
291 629
922 689
101 918
725 44
139 697
340 14
789 361
226 245
905 566
139 534
496 192
974 175
750 182
969 468
309 795
274 942
910 408
724 74
525 39
744 928
491 793
789 402
258 474
706 988
794 427
432 88
585 102
568 788
681 523
629 885
900 819
79 340
949 543
862 997
777 677
775 982
903 29
266 162
175 982
200 162
725 840
945 977
765 87
983 128
803 358
504 94
464 134
459 324
567 374
648 692
613 20
636 867
29 99
102 539
30 452
488 411
983 788
313 208
560 383
872 33
265 85
293 11
802 276
103 813
555 953
355 986
433 772
217 925
180 23
940 76
557 751
562 708
998 771
992 329
308 371
56 396
477 580
373 659
523 688
587 453
113 382
900 46
316 821
632 942
248 739
815 221
451 966
908 992
966 170
727 492
182 709
793 608
559 73
27 936
669 537
395 908
438 994
477 8
565 204
102 447
487 115
558 130
687 346
391 361
304 337
343 528
438 780
439 125
794 28
997 563
390 675
874 334
16 244
20 740
646 624
974 797
227 876
232 514
738 91
876 563
167 548
638 118
390 573
581 982
306 756
880 721
591 141
722 44
206 933
813 131
395 310
659 741
271 747
402 518
422 589
719 745
262 26
107 881
915 956
993 624
379 277
546 224
103 709
537 609
200 444
1000 195
746 491
694 859
678 636
385 655
337 662
547 615
575 93
63 265
964 580
948 65
345 44
221 897
900 236
62 243
855 914
392 274
750 188
933 868
75 68
22 589
316 874
28 86
856 335
436 435
863 116
595 572
800 150
965 548
325 901
95 303
153 556
481 399
393 66
123 702
883 852
813 513
740 551
945 393
913 160
643 222
112 316
610 23
897 676
154 49
227 605
474 786
293 761
463 478
581 263
396 421
40 327
667 994
690 385
563 693
491 638
883 400
461 435
278 816
429 316
713 241
918 119
719 943
262 228
232 397
33 748
505 927
125 94
432 301
384 114
388 666
667 689
390 56
46 558
216 897
430 713
807 393
720 497
115 457
354 787
696 634
860 309
717 412
133 891
393 966
160 951
310 909
212 907
704 217
74 916
848 115
441 835
298 92
284 415
815 469
195 748
582 1000
821 160
548 808
887 808
754 69
887 163
815 454
1000 477
963 734
235 568
803 890
623 357
809 761
204 245
394 719
248 829
908 763
47 793
469 247
697 332
237 379
591 995
264 177
563 757
624 775
113 262
403 582
498 760
134 810
866 399
588 817
292 374
19 534
448 92
726 675
892 671
161 889
352 696
776 266
61 256
781 7
175 264
931 742
474 839
800 937
387 376
779 554
282 78
175 505
862 349
19 869
832 912
232 700
49 474
68 450
50 885
35 155
935 820
383 715
790 25
794 84
244 3
228 648
634 663
827 4
828 315
76 730
723 471
817 46
612 996
111 834
572 816
907 61
949 906
992 419
207 675
495 80
194 957
780 916
216 925
159 370
875 542
537 185
573 645
777 618
463 5
926 5
470 129
921 414
254 568
388 924
225 790
281 740
937 765
631 463
405 651
782 503
747 774
74 904
366 432
851 804
1000 426
963 830
178 602
693 73
821 132
593 623
375 467
86 162
90 289
697 511
166 74
593 702
541 182
218 397
679 264
321 908
415 590
292 283
41 29
260 825
765 826
659 538
439 755
965 653
252 834
805 212
631 710
304 551
306 141
24 146
884 738
331 546
939 931
905 791
505 283
303 584
699 287
75 729
349 410
866 804
23 857
707 760
559 379
407 766
232 664
520 521
480 454
292 957
421 799
924 349
497 444
258 620
225 487
957 814
765 479
661 26
851 388
608 159
720 441
314 294
99 516
742 878
465 210
341 975
388 915
489 724
208 124
6 451
389 486
671 439
427 191
588 471
312 170
169 615
815 664
172 622
817 615
982 187
547 586
446 343
475 551
868 54
797 238
963 794
913 497
38 210
994 764
756 963
117 635
388 37
563 569
65 208
946 635
877 81
234 981
147 822
41 351
373 658
744 794
52 889
218 609
79 544
227 501
925 620
363 245
291 528
596 15
938 777
883 659
279 19
501 111
982 726
382 930
678 255
670 553
295 985
484 907
912 940
973 898
581 401
253 544
118 650
193 737
557 607
268 245
503 84
552 56
76 942
745 553
286 465
861 67
537 309
858 763
175 663
713 212
124 850
948 917
150 944
978 48
527 749
954 185
738 720
261 447
765 137
790 500
822 112
570 393
65 711
10 64
547 955
677 968
856 606
759 604
831 371
128 394
517 928
759 717
143 194
751 921
256 494
459 297
579 8
855 847
416 228
378 331
471 582
754 94
385 831
282 719
742 711
800 858
303 377
593 373
77 604
765 559
346 749
803 814
143 273
990 876
421 95
721 457
722 802
543 784
252 565
79 516
955 925
834 283
914 227
771 374
679 417
590 711
946 208
141 50
344 130
805 27
771 391
75 818
757 818
424 250
745 858
463 187
176 587
763 385
801 684
144 233
219 687
154 62
875 88
767 94
269 863
509 442
72 624
775 597
904 514
515 731
680 233
684 529
572 808
174 279
93 989
368 990
29 629
581 56
196 474
949 516
603 687
280 917
51 154
210 170
24 410
261 403
577 818
158 37
117 272
401 784
73 627
132 640
816 37
944 234
29 776
103 667
3 937
759 544
636 874
254 620
169 558
137 456
214 238
209 430
697 113
787 251
864 654
795 524
431 456
101 209
511 670
972 156
810 67
208 753
616 142
290 779
496 60
320 330
47 137
839 93
218 601
304 734
912 413
784 690
606 267
494 885
207 324
171 871
47 495
519 769
520 161
564 673
44 679
121 108
943 161
981 478
306 230
89 718
793 712
171 812
633 905
567 692
841 244
42 746
130 11
205 581
903 388
779 698
728 802
378 615
362 32
914 651
899 357
439 164
426 773
832 768
38 932
184 535
214 876
306 603
897 836
491 605
709 760
462 110
923 744
512 573
585 473
141 619
73 269
456 131
480 552
862 527
370 505
267 951
44 122
262 193
980 606
582 510
551 581
640 887
157 294
600 777
471 458
309 411
437 214
371 846
688 60
234 570
480 982
669 316
683 761
319 103
301 664
233 738
930 200
270 409
897 375
882 209
890 708
981 747
85 422
631 383
3 980
657 638
926 129
445 4
147 940
76 126
901 123
959 821
721 384
193 47
714 603
436 453
377 599
222 434
723 747
977 687
999 558
657 809
605 659
67 994
730 958
601 116
451 893
212 249
986 518
606 231
383 170
833 268
807 564
611 143
501 59
139 520
417 942
754 701
356 236
496 661
577 412
460 816
45 734
874 438
1 600
2 179
819 374
867 503
269 871
897 646
805 821
992 772
59 191
7 311
799 299
948 771
201 130
940 883
157 631
710 781
119 160
71 829
205 331
940 770
18 366
429 259
824 795
732 124
475 499
779 21
319 340
621 852
882 384
940 32
615 358
232 341
720 442
464 120
285 102
161 184
713 635
146 684
24 606
590 147
562 902
821 453
289 220
593 110
904 495
778 392
372 823
320 613
263 721
783 46
456 484
534 820
855 989
596 665
43 875
670 404
273 994
401 181
792 514
367 722
26 554
818 574
599 391
748 963
426 708
267 25
950 855
922 193
368 63
136 437
985 128
37 123
807 587
482 154
355 408
32 45
572 343
188 104
749 112
838 502
677 60
130 465
829 285
459 519
390 903
400 951
460 939
500 200
706 911
376 470
430 247
827 865
116 408
98 703
448 978
395 253
513 434
141 465
879 573
723 407
349 366
27 534
103 259
894 26
988 75
275 528
871 830
798 621
989 431
573 656
243 53
979 745
375 560
581 869
711 954
766 163
517 653
250 2
720 422
423 111
760 871
856 870
90 162
591 594
182 871
30 294
930 240
816 759
891 301
998 707
730 101
731 452
74 961
990 563
826 432
999 633
407 441
427 423
564 236
41 297
242 410
669 951
892 288
401 145
80 464
28 80
692 255
86 346
71 18
477 727
579 382
457 283
848 612
625 278
95 446
64 2
196 519
348 444
202 432
865 336
773 589
444 341
435 256
608 574
736 483
793 668
667 887
300 884
463 472
581 261
961 869
306 293
550 512
239 385
704 240
689 876
31 117
417 545
797 990
814 996
926 738
417 402
771 979
612 963
149 75
79 270
372 260
374 862
984 958
380 799
628 117
870 414
712 8
231 592
345 545
971 821
276 49
998 306
211 988
90 791
237 932
627 36
573 918
194 840
850 765
546 2
517 899
61 519
355 822
124 105
821 61
952 452
146 263
868 120
997 348
268 822
927 673
255 934
403 509
151 619
62 2
744 949
636 99
928 172
394 728
342 242
536 929
631 184
632 778
942 957
636 210
583 821
948 214
531 102
92 880
792 634
598 146
122 203
585 721
469 358
143 741
848 945
986 547
861 597
438 654
740 630
56 228
303 848
311 293
187 763
889 389
83 314
410 22
156 566
821 13
913 917
681 497
258 66
715 670
53 987
738 341
79 95
12 966
193 680
805 993
475 450
900 971
885 147
742 260
192 480
103 250
729 703
604 317
14 857
699 467
404 829
23 533
89 900
34 334
465 458
637 276
594 599
233 54
881 456
253 43
825 666
147 386
7 150
104 805
655 730
34 16
181 175
972 622
684 58
208 259
523 124
375 798
695 652
530 739
146 728
293 519
313 185
405 649
445 972
138 820
360 252
604 903
468 704
327 296
845 427
4 861
761 848
194 127
985 280
858 22
978 965
989 972
83 813
869 694
483 71
191 414
877 107
331 11
648 215
762 733
320 312
448 365
618 793
88 772
677 340
515 448
493 755
619 589
605 658
972 359
369 958
544 102
191 717
32 842
643 378
459 653
10 933
762 46
14 761
180 66
774 931
444 174
391 497
101 275
732 569
469 717
552 207
365 876
666 347
460 896
896 684
179 984
898 118
644 630
704 137
79 51
686 9
407 377
300 85
876 399
809 450
779 310
339 271
984 600
235 430
219 805
510 228
228 573
393 576
876 685
509 52
132 827
23 686
444 833
450 386
894 473
272 594
256 119
208 625
152 8
261 490
544 794
211 551
271 769
474 447
132 601
958 965
261 379
209 186
124 435
290 285
988 676
755 211
996 239
172 985
266 274
290 652
494 148
703 992
405 685
395 686
901 461
7 702
910 309
255 638
593 271
263 865
838 555
485 721
109 229
679 345
612 140
892 396
145 175
290 816
192 846
952 824
292 313
438 677
900 440
245 199
815 79
563 158
913 51
218 641
629 353
459 681
452 694
678 332
790 266
24 853
689 613
767 325
912 132
260 716
912 19
235 364
991 206
516 413
679 963
373 502
945 221
763 690
482 850
766 375
968 266
287 58
474 607
976 757
168 434
617 741
873 371
391 8
563 715
106 582
645 977
927 251
486 281
478 973
376 915
506 846
536 283
976 930
669 449
889 731
319 216
621 968
343 164
906 4
856 871
432 899
161 91
163 565
902 216
725 587
337 890
48 755
144 225
399 118
798 808
602 169
86 14
323 456
255 909
479 103
673 450
982 52
398 37
184 241
701 404
773 103
490 16
809 787
426 157
204 803
761 618
528 837
450 767
344 102
660 542
365 496
973 753
23 366
9 676
805 392
862 187
437 788
518 999
283 434
726 666
222 165
459 597
597 935
84 78
781 224
179 882
722 638
477 105
739 362
577 347
64 434
211 69
853 766
675 754
782 698
680 92
109 670
996 958
909 781
931 813
387 575
306 259
969 243
935 994
138 330
266 775
487 711
127 684
3 636
542 915
873 504
918 26
629 987
354 959
119 637
730 514
451 63
34 13
748 564
8 319
2 559
262 5
676 567
971 645
993 126
208 183
355 680
860 423
533 263
42 290
61 518
704 859
545 473
319 978
376 764
234 742
845 390
133 26
280 450
579 230
143 403
51 385
307 811
665 977
147 980
85 226
469 3
57 897
799 991
469 244
142 10
491 356
878 272
221 531
442 864
98 222
743 690
435 173
610 869
810 355
39 535
646 483
924 511
325 870
199 845
94 61
782 884
35 465
606 152
917 979
240 785
22 825
294 562
832 245
477 401
303 704
35 446
73 247
770 823
457 16
866 940
148 630
790 173
6 636
978 325
117 151
570 569
679 907
663 262
297 665
49 40
767 850
969 239
128 921
702 919
59 115
97 292
794 450
851 143
832 416
999 319
656 495
71 1000
978 246
816 229
173 664
618 17
671 41
488 886
916 192
903 74
854 241
197 547
146 567
992 277
674 481
559 964
811 184
313 670
189 740
595 609
198 882
147 208
638 71
721 75
540 521
668 630
775 434
502 644
621 690
569 572
834 264
787 416
740 64
669 92
506 314
307 775
380 343
424 745
96 774
392 7
229 598
658 350
899 600
424 376
740 422
482 402
528 894
502 977
382 683
413 240
478 94
725 71
619 588
917 789
919 363
889 326
445 480
583 62
765 823
469 490
610 248
743 436
504 787
302 202
24 890
919 73
387 456
80 854
157 930
563 931
382 871
115 552
991 715
709 262
172 889
384 497
187 484
104 863
478 549
300 829
62 804
413 634
662 119
168 471
794 439
465 267
887 776
339 270
547 213
163 220
959 714
305 784
371 97
409 892
673 671
945 914
183 310
519 440
261 600
651 192
836 204
177 377
984 887
205 873
347 9
884 208
523 10
538 518
335 536
138 100
376 999
102 692
508 252
327 600
293 984
559 809
564 581
267 566
776 298
972 881
522 32
47 527
877 812
399 961
455 95
958 183
579 190
891 240
857 256
105 555
839 368
352 840
649 12
366 50
640 729
604 650
570 534
976 289
812 959
1000 679
325 540
661 814
171 919
204 911
320 180
749 421
252 899
75 186
923 72
246 161
304 664
550 425
257 566
844 718
923 249
981 291
58 949
714 174
249 607
330 215
309 940
154 473
46 235
946 13
931 263
473 741
662 817
222 1000
368 690
706 909
675 678
13 307
128 547
970 790
292 254
22 451
225 181
23 894
961 761
266 913
741 570
542 549
229 278
486 143
222 661
741 651
714 362
175 769
436 519
439 908
462 471
85 39
219 46
924 643
617 919
381 270
988 794
205 32
829 932
730 186
985 516
233 815
930 443
841 552
403 5
576 400
872 498
998 630
61 738
548 673
807 84
518 9
198 725
345 135
644 439
5 123
29 357
322 145
807 954
130 960
621 490
118 470
34 452
948 252
36 534
659 53
21 882
65 34
85 47
549 848
611 491
593 532
867 117
298 440
407 14
984 183
913 141
967 470
956 805
297 224
874 746
838 321
507 723
259 188
318 916
282 199
782 776
218 789
921 420
90 280
961 199
961 596
447 993
288 177
620 815
213 655
641 598
352 975
917 257
165 620
562 240
582 247
758 625
819 592
471 221
516 656
422 899
205 273
423 350
356 635
139 125
516 807
519 384
137 642
979 647
765 170
885 753
600 895
219 443
959 431
344 72
732 49
539 841
132 417
650 34
544 545
82 544
471 758
518 501
116 711
542 511
356 342
817 684
911 46
734 903
56 106
796 382
797 211
526 915
820 116
490 883
878 422
522 569
571 919
401 115
243 794
759 967
550 23
551 298
476 576
666 560
494 649
354 36
446 620
382 622
204 518
83 335
925 962
50 444
514 57
17 205
258 209
919 36
633 797
283 270
947 295
452 655
144 772
917 579
573 161
757 132
543 429
188 129
339 23
412 985
966 400
787 767
165 703
740 805
232 672
529 852
468 480
549 281
220 129
370 530
451 367
489 160
259 598
628 437
441 453
314 957
648 4
671 923
812 227
6 814
444 703
780 769
432 159
822 396
381 212
517 690
761 304
558 378
870 440
410 746
470 810
487 968
695 295
788 507
813 604
825 890
163 639
919 960
538 529
617 248
420 32
910 573
911 364
826 276
206 562
431 651
582 953
750 431
937 626
393 555
838 946
497 152
976 439
751 90
912 594
587 335
15 238
627 638
557 791
209 681
554 47
203 471
97 584
648 168
629 213
905 351
364 98
331 363
350 21
443 661
316 157
616 395
544 120
265 585
142 257
754 553
496 313
919 219
669 560
966 729
892 703
628 981
424 181
978 516
575 954
616 681
126 286
115 555
462 865
6 718
631 627
210 813
139 281
927 320
535 137
594 967
387 745
689 857
338 137
598 747
788 603
475 288
847 56
188 907
814 947
448 632
122 742
325 302
124 729
721 601
295 458
850 520
791 340
28 915
881 787
491 715
119 695
309 331
402 543
591 293
372 63
261 488
279 883
138 101
121 683
806 700
738 810
376 599
978 501
519 238
333 343
280 285
274 866
696 677
181 931
367 904
61 589
748 649
593 508
482 341
365 769
655 252
786 893
753 246
956 589
773 1
12 68
742 686
89 222
146 57
324 851
982 100
293 492
187 889
80 503
193 8
657 889
674 163
531 160
56 256
679 296
972 310
41 492
630 318
890 155
406 527
235 802
61 98
526 20
486 753
204 622
597 897
308 376
378 841
217 461
88 856
476 302
95 468
982 948
328 461
523 863
887 969
571 255
510 36
224 157
524 898
652 79
747 203
552 459
283 138
258 298
171 535
976 263
768 739
605 90
187 225
229 358
943 670
163 840
806 841
996 431
927 795
197 762
576 631
533 112
931 151
275 352
96 387
295 329
850 788
318 262
983 16
773 306
6 419
925 151
678 625
660 996
493 117
170 168
977 808
116 748
511 529
494 289
852 691
269 196
332 949
420 551
669 948
11 181
216 260
472 174
734 714
296 380
39 668
207 590
902 538
528 839
618 863
511 964
723 676
540 54
905 407
563 335
505 155
229 435
127 308
4 363
960 417
440 329
193 310
912 452
883 859
335 456
362 278
568 661
843 583
883 712
558 816
720 470
853 764
710 31
474 799
5 47
6 662
59 708
27 681
763 739
675 325
123 768
428 216
222 596
427 636
616 927
276 367
774 538
278 821
63 545
31 7
533 833
400 707
898 350
183 200
940 965
245 575
626 542
552 709
152 211
798 334
176 233
893 84
933 484
552 596
116 947
299 245
512 482
739 675
967 275
760 646
778 109
108 914
110 154
901 353
151 646
116 593
82 545
142 895
531 909
77 747
830 443
545 57
273 798
591 297
368 412
847 860
393 12
619 725
79 631
705 940
557 835
838 640
606 380
91 721
203 443
424 444
705 93
550 103
93 456
409 441
1000 926
452 633
914 338
926 902
166 495
563 73
47 344
583 378
483 128
883 676
549 183
625 529
496 600
117 149
923 462
746 807
487 263
331 415
40 296
719 104
832 772
119 908
192 483
115 851
563 660
180 816
770 454
671 651
187 184
443 274
29 220
343 309
579 820
138 511
160 667
451 140
822 397
63 507
897 122
203 735
257 475
376 973
485 149
124 315
433 790
699 803
457 652
849 242
685 780
523 866
664 57
422 281
484 34
509 593
351 274
977 231
560 329
446 98
618 723
959 790
787 418
700 833
664 471
83 833
411 886
748 565
428 47
656 843
731 257
289 278
311 977
350 873
636 130
88 664
243 840
669 892
69 656
531 135
934 464
151 878
479 301
122 234
674 645
227 301
815 180
486 714
178 155
752 252
369 524
170 567
579 657
732 645
928 943
495 729
442 471
978 517
151 445
465 990
429 187
891 624
268 127
452 748
473 655
996 993
443 995
207 122
634 466
121 253
624 680
331 967
409 32
880 973
741 516
620 540
262 391
889 881
853 918
759 974
589 592
206 32
708 354
727 454
158 839
271 620
76 756
480 313
617 808
390 106
893 939
676 663
733 834
275 726
834 571
119 551
746 223
488 227
716 571
408 60
884 321
479 943
135 339
11 321
307 726
253 27
225 821
635 570
764 158
927 580
967 539
842 940
116 649
523 379
617 356
981 651
428 765
892 58
506 749
267 697
934 307
557 600
891 242
854 506
175 15
569 122
364 786
200 755
995 176
333 521
781 565
711 308
899 950
57 959
166 107
538 842
445 32
166 250
630 319
960 727
189 59
122 14
710 391
639 551
973 859
443 688
409 448
981 176
273 214
250 146
771 430
771 339
519 820
187 695
973 812
153 971
390 1000
602 566
306 822
26 234
97 23
705 464
154 86
747 61
89 955
287 632
280 736
853 569
379 890
382 99
720 862
58 285
187 115
385 480
829 143
393 609
659 890
954 66
115 66
708 469
727 347
621 820
119 441
894 504
487 898
110 331
368 806
59 556
618 486
17 863
414 235
732 354
994 857
725 899
747 679
436 982
755 176
411 528
108 574
730 811
76 220
960 887
725 569
686 817
393 142
463 123
350 631
330 595
293 685
989 896
462 768
910 276
161 299
215 600
716 483
721 435
260 73
286 806
104 331
657 971
964 721
363 438
695 835
647 988
52 858
861 732
808 472
900 8
151 150
239 614
31 684
503 611
532 723
791 870
459 761
443 732
942 758
464 849
146 286
343 895
18 696
352 658
739 286
305 812
54 609
136 514
528 260
726 635
950 687
72 896
434 795
171 241
996 953
671 643
687 606
93 935
135 198
353 794
852 308
153 219
555 891
457 804
529 893
663 364
776 848
357 835
811 546
115 177
222 897
375 611
211 642
563 601
430 608
768 895
72 92
401 890
110 500
662 287
295 354
388 640
51 966
505 786
234 892
668 847
775 165
544 837
154 657
926 19
655 627
822 192
932 896
347 224
366 188
775 314
270 999
724 232
416 295
932 791
4 726
132 419
208 57
704 862
263 631
525 864
775 719
358 947
911 187
324 615
747 185
361 262
711 478
379 17
143 82
593 278
830 440
507 181
222 328
564 115
583 817
944 89
237 373
23 286
151 837
652 750
66 895
639 622
751 636
522 570
544 94
1 853
899 172
900 371
444 23
355 468
178 71
866 56
524 662
304 561
532 981
314 758
477 74
371 507
226 458
874 494
585 785
864 328
370 641
25 490
886 345
45 919
103 97
92 470
202 690
542 720
486 250
125 282
804 171
133 380
854 817
183 209
12 262
196 59
181 393
879 742
898 291
495 233
485 3
488 814
718 211
738 661
855 462
747 577
766 255
998 254
902 389
371 853
355 632
907 273
474 321
668 706
190 266
797 482
804 720
472 555
34 782
273 590
366 459
560 330
503 118
403 428
99 349
373 614
981 871
129 716
276 533
692 413
252 660
42 182
105 878
821 928
937 163
83 527
411 161
838 749
19 459
903 803
649 832
634 142
725 53
249 228
69 433
655 350
895 869
810 469
776 349
908 842
550 275
255 107
607 198
60 11
957 499
487 68
605 289
878 879
921 620
280 534
573 843
762 268
528 332
418 700
202 327
918 113
222 898
850 347
210 954
741 956
882 609
362 1
568 940
58 262
990 391
482 678
980 409
598 856
774 483
997 762
689 57
29 568
357 155
999 348
27 980
841 838
241 690
632 61
867 950
594 368
642 580
860 213
175 340
613 315
69 722
285 496
547 901
287 646
544 909
617 73
889 684
655 939
489 734
971 590
128 420
96 616
30 463
772 516
475 652
596 960
742 578
69 960
924 624
470 385
608 316
411 853
730 61
194 484
541 227
86 906
497 263
621 70
566 713
515 617
74 283
647 776
86 418
236 123
959 667
32 874
587 216
973 130
239 805
644 929
67 986
421 360
478 347
870 585
924 337
763 507
156 715
801 666
785 253
52 532
735 881
244 828
390 632
945 503
304 505
88 288
164 93
554 581
546 853
426 922
430 248
378 553
685 382
462 137
927 449
567 894
131 714
525 294
874 216
572 775
591 229
962 679
390 452
798 449
883 219
702 829
704 550
944 117
780 971
825 726
717 352
607 924
96 278
851 97
707 790
87 104
346 162
661 169
555 474
683 289
862 273
467 970
747 678
786 554
512 961
882 131
617 566
599 98
285 246
899 336
750 506
56 226
772 760
367 942
959 106
542 390
468 599
512 213
982 68
825 146
173 902
816 635
449 102
530 457
587 696
824 86
231 45
117 601
118 258
446 277
229 553
677 391
291 724
476 712
772 429
530 278
795 836
373 880
778 538
799 884
601 149
960 380
513 116
532 621
825 477
365 492
614 957
341 113
853 55
771 380
99 494
256 991
131 221
259 16
351 958
819 104
986 763
36 838
53 800
917 955
757 349
780 325
139 599
526 353
454 460
330 246
349 58
247 63
597 286
709 330
880 808
862 360
330 345
775 595
32 707
16 184
951 434
572 965
115 914
614 328
427 638
27 279
257 78
37 559
21 170
542 516
121 406
716 783
580 366
854 901
270 762
110 501
314 134
613 482
779 80
251 545
417 247
402 613
310 890
572 521
77 165
24 15
650 463
320 998
945 697
517 637
547 841
67 278
608 460
807 228
946 840
284 359
490 525
968 964
222 123
4 870
276 899
81 349
959 142
781 666
759 798
588 237
700 814
536 823
880 128
744 954
172 707
104 281
216 371
252 369
787 102
22 996
740 398
8 95
449 243
584 914
386 708
744 856
1000 738
793 604
536 702
179 164
204 617
652 638
355 326
620 330
748 151
183 628
136 705
445 329
467 241
895 209
734 81
402 828
810 385
540 314
621 975
744 508
317 992
597 966
890 48
20 581
202 288
918 106
443 54
567 817
98 608
561 376
654 707
128 925
111 730
873 335
949 306
943 739
909 527
681 944
258 643
23 641
135 75
142 518
713 359
900 275
663 593
392 608
210 283
746 249
103 548
508 212
551 976
654 381
243 353
375 868
396 795
950 406
733 542
20 223
612 337
24 154
150 878
410 907
825 1000
789 653
792 159
458 644
596 941
635 897
411 731
782 510
575 13
323 388
217 905
180 59
109 107
631 434
745 758
856 752
531 24
562 958
856 671
142 234
329 545
251 967
50 381
801 403
86 391
895 919
677 288
370 856
438 764
645 588
334 957
207 433
852 826
2 363
221 277
682 281
619 878
909 30
748 10
541 875
386 125
727 924
503 840
474 802
737 872
934 514
939 920
245 433
887 998
286 621
78 47
3 269
98 661
33 978
840 478
177 211
550 589
75 687
57 278
84 727
311 45
140 865
452 19
469 923
442 9
702 312
465 408
447 280
818 412
932 660
92 217
609 481
505 737
595 178
375 554
383 859
205 423
831 503
779 152
621 991
638 967
752 914
287 641
167 660
711 754
626 774
312 194
366 117
519 235
702 230
621 513
874 792
142 650
988 592
164 853
259 635
665 540
170 66
248 401
711 417
568 209
751 864
790 848
94 445
902 930
501 421
854 107
195 570
645 68
702 15
902 573
652 800
264 225
212 287
29 447
360 522
606 427
532 586
493 722
188 256
517 51
156 806
196 779
30 795
936 322
131 224
23 438
460 620
579 766
446 555
108 190
183 652
994 59
978 596
631 818
335 497
838 488
714 170
566 146
204 760
1000 871
729 431
359 92
641 989
793 650
528 425
307 358
608 647
954 511
81 633
443 126
526 228
140 950
110 764
127 806
223 935
149 960
281 248
383 550
879 680
182 136
348 160
756 37
24 278
866 549
301 788
729 875
15 984
56 679
940 154
664 806
862 969
262 131
392 737
552 635
989 474
242 833
774 238
45 418
180 703
642 916
534 686
848 353
595 940
21 698
212 369
447 240
919 890
544 648
32 348
160 129
294 252
702 201
575 69
388 113
544 743
998 852
374 185
857 145
15 587
825 371
402 228
251 573
71 8
53 525
387 217
795 244
730 419
877 336
830 990
672 488
969 698
537 990
112 127
884 515
88 46
518 875
639 315
453 122
367 131
503 212
10 713
83 405
729 395
30 12
950 825
10 600
407 718
157 791
249 878
123 773
288 830
533 620
373 847
295 189
818 322
585 85
736 199
771 840
774 537
866 598
135 209
90 588
704 404
922 343
816 254
138 454
849 378
133 577
281 502
358 708
788 483
826 26
755 112
566 950
962 426
375 899
313 54
959 427
553 808
327 685
954 809
939 55
265 4
158 345
551 226
954 664
133 5
599 246
782 402
82 984
751 811
276 627
995 381
479 20
100 863
542 370
530 298
548 935
40 546
277 955
721 413
954 828
553 740
660 584
95 85
815 300
304 838
601 240
982 311
568 487
491 488
436 415
455 333
611 11
256 258
959 589
522 380
655 324
52 687
993 479
425 389
838 417
469 578
808 212
460 948
313 942
579 44
191 949
965 802
325 131
624 248
165 810
120 827
227 609
141 305
990 286
443 73
64 258
762 345
671 865
451 450
268 180
419 32
183 11
573 415
665 560
262 414
923 624
893 674
550 945
385 97
370 609
810 962
758 564
962 893
619 350
1 49
276 509
833 968
485 1
401 868
883 146
846 10
525 591
262 635
224 696
152 417
176 359
603 384
821 377
90 245
953 177
807 640
221 833
617 252
232 30
664 376
327 657
314 971
510 793
388 487
272 273
855 159
894 611
717 154
422 510
761 858
977 885
62 81
937 507
82 915
513 388
375 58
345 195
697 406
317 708
113 111
856 736
192 602
946 591
428 826
912 835
386 566
907 812
115 171
503 436
326 407
239 914
700 640
406 287
524 598
890 242
429 918
201 847
938 684
188 67
227 703
306 50
35 496
535 423
97 159
559 45
661 688
122 314
50 47
576 43
80 986
176 665
28 602
710 90
366 732
774 711
645 709
706 981
102 234
12 198
215 457
589 764
387 634
874 226
893 838
470 761
885 482
633 377
427 726
48 129
512 528
215 303
731 564
681 915
3 699
443 416
368 542
101 132
581 906
50 706
34 223
931 343
654 826
686 463
949 871
276 247
336 426
45 462
216 752
590 154
314 401
668 544
464 14
321 395
285 16
161 34
345 317
595 37
56 200
613 872
536 82
419 886
96 729
152 347
835 190
48 604
303 508
124 175
142 826
234 827
311 897
312 33
994 517
705 734
781 673
985 382
904 244
861 622
872 200
229 629
144 569
223 107
761 592
820 556
394 877
614 919
43 526
501 198
614 878
808 363
480 673
740 677
559 227
62 393
841 458
131 126
878 559
476 443
567 507
648 422
23 38
407 967
628 565
782 958
648 309
740 923
857 737
785 140
663 103
673 937
210 781
456 544
614 804
280 147
809 407
178 95
447 601
233 325
430 873
606 774
789 302
862 684
141 959
25 81
244 67
3 863
981 32
70 451
111 797
938 55
614 140
275 373
91 321
201 385
242 751
817 255
572 615
183 713
722 180
299 141
459 451
573 907
137 331
379 296
752 782
532 68
953 233
76 328
497 229
132 454
177 971
623 106
915 165
646 215
596 998
856 907
32 349
432 743
825 144
426 177
829 616
61 734
782 759
85 200
322 234
86 115
397 764
181 677
511 738
193 127
319 747
315 997
369 798
223 79
354 170
174 641
803 629
133 484
652 596
598 248
212 419
654 62
637 186
344 27
770 523
933 77
112 87
773 660
389 667
526 500
620 503
583 253
52 635
311 478
839 804
884 691
810 570
362 165
399 984
326 776
455 940
480 184
110 865
942 70
466 391
149 882
880 520
97 274
978 125
870 183
283 869
555 907
93 838
133 575
119 714
923 693
138 455
871 438
799 289
323 110
591 281
775 166
686 519
564 651
637 107
711 804
90 798
642 633
920 75
594 350
152 501
925 198
996 820
622 368
129 987
759 681
461 294
781 775
928 453
213 325
471 653
973 452
919 665
529 363
543 585
216 454
952 442
761 814
113 13
427 504
711 360
22 705
34 570
308 397
56 478
130 957
502 932
514 855
754 348
991 25
313 610
905 294
209 721
839 85
660 568
972 378
331 322
226 116
496 833
834 375
88 77
715 472
218 720
39 994
558 630
889 285
709 522
126 404
569 242
443 874
268 87
236 355
482 959
253 992
715 663
384 491
884 774
477 248
776 529
193 673
620 776
73 475
667 551
25 408
816 445
470 722
20 677
718 308
756 239
701 570
408 191
745 378
907 167
586 874
154 990
589 394
665 458
585 291
381 901
664 142
684 49
590 861
688 52
711 776
656 530
885 32
141 982
132 499
258 850
800 100
319 111
565 835
860 385
151 678
977 219
996 65
119 274
574 866
406 976
483 255
998 642
32 389
930 418
882 939
492 134
511 698
966 928
403 655
619 693
198 304
776 98
833 119
126 983
430 295
530 49
35 661
700 641
999 951
620 424
530 64
986 526
808 290
934 806
353 155
528 673
532 773
847 368
350 312
616 686
266 874
598 514
430 112
412 907
272 126
496 540
120 856
852 393
876 35
283 670
468 402
421 548
975 77
888 349
409 36
546 703
180 865
179 590
499 429
724 818
282 333
746 918
641 258
823 62
71 821
976 671
447 963
107 609
860 33
475 197
676 777
498 350
336 653
889 599
410 600
883 113
223 752
884 222
928 688
466 915
162 120
418 238
517 546
544 896
82 707
16 438
793 575
162 235
828 788
975 935
869 96
160 776
363 787
829 978
882 137
26 993
632 508
857 409
712 436
363 672
312 34
829 579
207 851
152 715
212 571
308 470
498 964
100 784
337 578
13 903
89 33
109 222
77 512
406 734
762 760
98 128
26 421
999 586
946 338
505 130
912 590
805 413
402 416
847 566
539 225
779 830
123 684
387 347
199 787
844 708
974 687
231 130
967 270
636 434
41 770
922 957
26 246
154 35
785 131
349 68
685 490
124 158
160 874
869 494
419 817
412 798
16 95
918 16
131 702
180 837
399 741
515 196
719 44
226 423
263 58
101 521
231 838
10 279
157 452
858 627
243 24
474 376
129 163
21 117
687 587
499 167
485 88
911 52
290 86
328 797
635 764
553 968
229 67
546 135
621 961
688 252
817 472
358 568
198 813
789 850
891 155
977 146
172 948
904 318
345 280
823 631
557 551
137 36
964 575
324 926
493 1
942 830
172 730
576 650
351 116
530 343
969 973
880 272
644 211
39 667
87 655
860 909
204 937
207 506
37 467
467 361
771 203
308 639
610 203
443 720
744 541
552 383
231 337
801 714
70 977
623 783
353 195
687 34
122 256
123 569
607 283
888 695
83 4
267 381
306 477
515 147
535 204
401 991
758 959
945 912
444 435
747 170
676 102
680 353
220 42
519 728
480 391
776 852
686 187
112 736
34 290
382 274
349 763
25 221
133 544
249 550
489 488
181 290
516 813
522 599
638 946
548 414
277 853
794 570
375 925
313 52
367 233
111 904
686 631
752 326
668 617
716 911
823 997
158 351
90 49
76 252
96 642
560 305
228 391
765 744
731 312
218 157
824 711
939 215
299 692
821 807
274 106
170 427
84 437
393 392
378 214
492 50
791 672
114 764
830 158
43 568
1 886
985 87
696 158
313 722
852 801
411 173
530 93
1 681
326 928
645 444
829 79
743 393
946 237
359 384
52 600
57 367
828 137
689 597
361 548
163 378
92 652
255 192
511 170
314 754
117 239
279 304
379 984
123 946
129 303
743 252
407 921
254 27
667 984
338 46
926 695
411 346
177 116
395 61
380 597
559 591
999 308
827 399
497 608
23 642
889 954
928 806
447 374
513 156
186 492
775 116
7 142
789 936
771 725
563 105
803 708
197 701
146 577
823 665
992 545
65 567
945 555
693 189
843 608
793 631
220 993
879 771
997 279
502 671
428 534
802 263
825 94
494 371
497 61
893 323
468 650
470 488
878 469
259 428
773 23
333 608
542 364
32 501
948 3
807 921
189 161
9 779
723 530
587 466
774 846
293 67
4 10
813 780
406 674
985 179
830 773
64 164
172 774
771 441
682 260
533 754
889 312
541 607
467 142
231 153
169 376
338 353
874 447
601 285
771 87
685 389
603 772
50 188
233 595
358 70
784 105
548 18
288 888
953 678
629 201
997 661
414 327
842 386
165 510
855 861
618 237
926 290
432 34
586 911
695 99
58 100
128 39
663 513
758 641
279 792
138 412
807 506
58 215
721 893
594 5
416 389
641 92
937 805
510 601
494 66
726 177
500 599
655 951
494 45
439 756
638 676
18 491
953 60
556 879
388 777
405 693
781 846
853 978
769 722
848 53
228 351
1000 496
857 265
964 619
277 896
313 447
80 350
834 107
377 748
705 842
913 376
803 828
352 830
60 487
367 741
522 668
744 772
584 941
967 90
562 171
899 970
882 686
180 167
995 917
151 971
948 261
71 182
158 806
101 959
247 913
986 739
753 820
773 719
5 597
887 673
928 12
876 182
52 528
202 389
791 63
369 700
761 146
713 240
947 357
382 138
666 391
171 879
532 390
158 635
235 356
254 448
555 901
93 94
554 720
409 7
743 4
324 150
594 820
480 508
889 784
188 332
505 87
171 652
275 539
336 731
634 580
817 108
488 806
949 935
459 937
293 788
555 577
422 632
884 307
209 13
929 372
197 740
327 565
826 244
193 197
422 715
258 872
435 93
690 701
416 272
787 259
806 557
644 111
850 673
100 64
726 500
599 126
142 877
717 207
530 637
495 63
578 311
704 998
526 527
928 298
315 163
106 651
734 914
203 806
864 764
852 697
450 981
492 184
455 68
238 812
904 146
929 801
280 105
517 106
166 136
811 325
898 395
338 741
943 448
213 227
821 996
308 713
75 206
97 906
783 966
349 939
189 90
87 895
734 494
900 388
800 272
433 281
622 611
625 269
385 351
314 620
687 45
675 621
405 609
571 588
979 227
926 958
62 431
639 181
808 25
537 765
197 759
975 151
923 504
914 669
898 54
2 995
413 571
548 42
16 203
714 318
328 205
71 879
576 790
663 363
480 408
335 778
897 999
241 749
202 637
96 232
812 246
405 184
643 943
672 885
34 146
822 443
668 981
685 913
738 982
944 21
214 427
99 604
309 397
516 157
299 235
889 767
48 425
180 670
826 136
518 194
367 232
974 256
581 610
623 27
203 996
186 666
815 757
508 825
986 69
630 978
643 828
328 615
811 114
678 742
146 399
267 745
42 76
27 432
137 208
341 80
824 118
276 749
647 942
27 289
69 678
749 68
161 699
12 836
348 820
800 94
617 168
571 797
199 948
610 893
762 928
305 609
882 585
580 980
672 503
456 610
809 162
520 171
408 709
191 950
328 444
322 850
292 174
495 929
927 500
16 152
749 938
148 493
210 98
727 587
731 458
785 628
441 462
885 267
686 212
854 842
727 568
345 874
76 718
906 787
327 991
388 609
408 95
45 342
543 491
299 215
586 733
221 726
937 857
593 239
398 117
266 359
367 893
189 621
929 30
103 919
313 305
441 868
887 34
802 375
521 197
317 378
100 894
216 339
249 397
71 60
863 32
297 7
575 380
43 551
373 820
155 97
657 807
914 142
429 700
365 432
437 803
244 519
502 203
585 581
857 1000
822 874
221 614
217 329
588 840
578 39
834 456
773 635
776 465
282 6
67 804
250 370
1 598
700 80
150 113
62 861
681 633
54 733
845 766
738 270
150 224
687 315
376 51
763 673
243 509
220 124
607 624
610 308
580 396
447 695
976 657
738 592
281 145
598 972
379 690
840 160
604 393
641 433
129 69
681 912
458 130
51 916
14 25
381 241
399 470
955 334
994 304
958 611
595 807
216 836
91 4
823 847
792 33
172 46
714 950
345 401
256 366
21 674
25 551
134 131
651 823
251 971
432 623
489 594
114 65
78 992
596 973
116 663
628 122
204 82
355 966
872 188
195 657
839 360
694 661
720 566
652 845
368 583
798 727
986 863
470 356
473 128
260 226
759 38
84 494
545 852
639 604
855 627
759 215
616 351
985 142
735 94
27 55
49 595
851 962
451 835
911 547
109 911
222 182
27 932
780 350
541 393
303 787
566 927
239 657
439 339
963 161
867 396
205 104
271 827
249 997
948 715
73 183
493 174
991 535
548 461
580 116
944 701
690 401
249 711
379 880
658 691
419 253
335 286
689 207
266 872
983 997
729 766
767 786
514 18
932 293
58 406
441 262
188 533
110 733
874 84
533 167
770 315
555 563
851 316
447 393
68 946
395 290
604 28
694 969
20 957
521 752
224 720
225 649
258 840
15 762
4 617
59 526
105 348
927 913
342 403
569 333
480 936
635 988
970 36
360 174
768 213
741 216
446 60
762 153
894 958
364 733
976 487
649 455
852 698
542 282
302 735
798 672
658 271
626 411
631 174
502 998
857 149
160 99
828 103
311 644
293 393
853 65
929 657
166 280
888 876
688 792
530 119
607 103
776 139
904 832
559 128
395 599
848 749
478 312
101 803
176 582
361 590
141 184
71 443
61 353
528 378
988 364
878 808
572 83
809 359
675 330
737 5
500 933
124 985
50 980
326 553
516 521
973 999
645 939
650 519
564 961
175 700
452 87
453 442
720 719
783 771
901 918
632 11
832 733
766 122
769 44
770 287
558 358
998 345
289 967
43 336
637 104
323 224
147 334
96 422
958 906
741 26
119 410
302 942
817 506
985 616
198 513
290 346
458 680
55 606
155 600
997 241
618 742
81 584
159 684
810 456
333 745
426 29
725 743
302 648
798 781
200 674
792 422
172 696
528 779
564 121
530 185
326 284
678 961
661 765
995 95
544 485
552 415
835 550
395 684
236 41
532 526
971 38
544 84
1000 630
875 386
838 266
416 711
515 821
753 866
683 635
562 328
878 342
377 118
197 291
383 8
365 749
387 471
482 971
49 756
981 483
430 91
73 254
662 774
795 355
158 545
201 2
954 448
607 398
224 237
633 7
391 165
233 369
804 66
399 686
719 113
480 54
466 249
84 696
969 150
219 979
239 284
78 835
137 964
836 834
598 929
949 621
896 407
842 511
955 180
779 482
449 987
253 33
721 791
552 462
512 342
451 2
241 490
41 88
199 981
986 260
869 73
797 508
925 167
214 150
15 419
88 577
643 795
493 509
26 827
647 751
281 786
545 109
51 484
656 834
938 84
575 409
541 25
854 64
895 700
472 254
934 488
777 419
383 836
804 972
44 228
588 107
630 298
633 630
631 7
759 242
491 456
421 493
766 901
782 942
936 506
888 531
403 929
815 34
672 276
909 25
948 577
314 549
313 974
188 206
562 511
818 85
83 693
305 878
931 654
291 815
329 96
274 931
349 125
421 592
304 418
984 260
213 734
783 806
964 252
366 736
225 160
380 516
855 475
834 855
572 906
130 149
448 624
474 752
332 758
673 662
690 716
132 813
370 272
171 705
769 20
572 607
889 709
161 196
661 159
935 272
613 182
851 513
447 74
858 303
633 810
345 400
588 716
660 89
368 543
683 328
722 494
975 928
802 438
911 328
324 534
471 705
863 579
702 327
406 768
722 385
280 404
318 76
431 695
488 279
282 645
302 704
142 937
716 502
131 440
186 949
423 896
195 545
269 282
578 861
716 69
330 792
296 392
114 691
147 206
668 224
691 257
621 64
35 805
400 486
753 968
184 317
61 9
868 495
429 613
782 27
711 83
911 701
814 424
164 357
2 328
3 33
277 578
132 359
904 820
120 665
130 813
653 935
107 117
605 494
993 360
504 167
430 147
322 872
255 154
438 878
636 477
150 18
802 709
89 956
418 730
864 374
106 330
966 480
343 660
561 602
607 599
556 491
24 748
270 881
2 831
244 510
751 489
647 226
29 647
401 800
244 200
590 984
980 776
214 508
161 224
881 529
467 641
243 348
299 30
872 364
963 55
211 954
105 323
638 887
897 325
916 487
811 251
565 952
252 389
309 250
755 294
217 859
345 142
648 955
119 68
97 652
53 374
905 966
847 832
668 341
890 518
302 591
877 41
535 551
826 665
352 988
800 52
303 99
290 874
536 622
541 483
523 856
341 269
255 459
647 957
352 570
729 236
378 770
587 250
738 98
173 469
176 583
813 423
639 294
839 800
54 632
883 720
993 400
685 442
353 49
549 155
625 621
618 242
960 246
582 93
654 638
804 47
440 794
58 329
98 598
979 963
597 624
180 804
931 932
842 329
457 813
684 300
831 711
690 261
767 817
698 776
419 361
629 816
780 790
612 916
441 146
613 492
885 599
543 781
57 354
992 259
766 112
785 970
181 193
128 499
133 878
92 87
683 400
702 396
6 391
263 620
804 552
696 869
808 895
626 218
882 48
935 62
831 121
777 743
113 70
603 734
759 179
869 647
618 921
412 72
820 125
553 606
57 911
810 55
539 543
92 935
325 586
677 421
630 463
891 913
796 202
201 709
938 802
435 61
363 169
535 297
331 471
739 466
616 551
912 280
770 922
684 820
101 838
62 724
231 199
662 775
44 554
406 193
844 680
232 794
249 924
519 539
978 315
944 759
727 724
396 382
2 965
828 345
413 5
590 123
966 250
729 644
489 175
550 938
845 570
202 524
866 631
867 818
95 333
712 881
231 651
989 379
348 357
70 173
719 918
760 93
750 632
987 326
42 603
974 64
319 181
232 357
567 499
54 162
129 793
665 383
663 988
703 787
111 166
693 265
792 118
651 781
29 913
746 389
613 115
981 767
929 28
218 205
386 92
189 476
285 809
323 394
868 968
865 783
350 849
890 426
469 45
622 989
15 241
332 203
243 848
28 124
360 532
117 652
482 27
286 923
178 768
192 200
571 827
697 740
248 580
922 960
326 27
681 56
406 387
924 324
818 963
947 157
641 858
459 309
454 511
202 108
921 506
197 407
895 64
153 785
390 550
552 73
159 653
205 541
6 598
110 879
672 540
603 950
951 496
628 355
681 383
923 595
231 862
27 678
954 199
23 562
7 457
444 741
998 4
410 565
84 588
177 486
91 942
841 847
879 259
898 286
93 650
638 586
196 149
608 61
722 205
878 53
174 220
176 169
489 310
845 145
60 975
133 789
662 92
686 579
564 591
600 768
587 806
396 821
181 57
663 849
722 495
11 470
74 846
73 785
165 337
649 344
7 361
775 392
950 205
570 826
683 105
722 529
548 917
379 788
950 513
532 485
368 333
460 309
63 360
363 450
826 642
666 863
21 868
43 756
60 337
9 693
527 223
880 470
22 925
969 133
888 961
207 403
889 360
601 92
486 750
201 878
312 20
663 156
645 497
978 590
634 28
265 648
874 527
841 350
550 310
2 248
101 425
24 928
135 948
654 496
605 286
974 589
864 82
527 659
666 53
326 963
21 159
206 149
824 852
219 794
633 280
119 765
49 255
452 140
327 784
427 779
786 639
245 836
428 292
125 174
751 206
630 949
670 32
711 716
512 398
579 637
42 309
975 903
997 219
484 994
737 917
712 325
825 42
792 221
613 907
669 105
319 816
696 825
423 972
252 356
694 631
290 905
863 324
226 779
744 980
874 943
191 475
393 400
838 514
416 991
669 697
665 796
99 120
232 368
925 722
798 576
218 598
278 420
351 790
282 811
999 618
252 953
155 18
734 493
132 662
829 39
377 88
875 297
344 143
610 182
630 61
282 845
892 760
269 961
274 601
538 314
356 941
549 154
940 218
865 221
421 535
25 278
260 683
45 939
376 510
908 111
111 606
292 772
779 282
770 934
214 861
914 811
884 973
991 811
940 815
764 683
234 134
420 460
681 605
594 166
423 336
896 316
93 754
6 203
140 517
107 954
235 81
453 730
386 920
314 368
579 292
923 982
301 534
582 681
660 163
807 268
495 288
834 746
247 323
767 461
621 562
495 739
308 197
275 500
114 52
200 597
129 591
544 682
651 718
165 769
859 355
199 258
471 633
717 833
848 240
7 763
307 165
131 499
42 218
155 489
174 567
197 405
381 989
873 832
644 66
649 812
544 86
545 899
340 249
89 319
71 379
662 570
576 807
764 339
571 764
771 494
351 552
724 470
728 17
487 88
309 776
774 834
447 958
429 223
412 979
344 905
589 833
20 580
311 223
187 469
291 19
407 398
97 448
839 698
549 239
497 651
22 368
7 484
689 819
695 27
257 417
258 666
11 126
280 654
489 456
633 32
932 605
779 194
512 455
786 730
569 282
132 504
137 814
318 455
434 469
454 647
964 492
492 477
535 795
96 674
817 710
51 486
310 660
725 362
105 709
344 267
436 347
754 234
610 631
795 916
446 724
565 258
221 588
863 45
187 964
411 28
71 206
740 655
619 982
835 661
503 547
508 911
330 87
819 425
87 913
532 770
421 717
494 909
335 395
715 32
586 503
35 327
597 89
919 431
334 721
406 226
896 696
831 824
334 320
262 493
779 725
783 849
254 59
538 20
646 390
799 175
893 832
469 932
55 431
21 235
555 756
371 106
600 628
287 872
290 220
54 109
770 338
10 207
893 930
181 358
272 590
206 971
927 809
974 51
868 887
319 57
655 947
747 690
929 479
716 643
419 751
700 731
704 879
464 4
282 963
64 946
866 207
462 898
158 411
632 624
355 971
838 916
161 262
808 711
863 355
222 377
481 545
482 474
946 621
782 255
659 112
532 482
19 273
22 688
852 903
598 103
86 331
469 177
751 591
204 898
631 997
856 497
505 133
771 264
773 698
631 922
1000 944
675 996
931 590
420 201
205 845
407 989
670 861
322 759
107 119
115 608
784 939
468 332
235 203
718 548
59 377
931 829
749 990
456 411
685 779
681 40
331 845
98 688
517 402
799 242
983 625
513 397
641 752
70 426
701 524
718 369
257 619
262 235
193 910
548 272
935 720
261 417
735 76
426 251
122 484
553 3
128 122
537 210
868 644
671 379
360 499
363 980
470 872
367 208
47 726
256 106
232 55
164 914
394 362
368 573
609 593
739 542
9 139
233 677
90 38
518 4
481 867
63 425
670 195
621 367
185 315
740 3
190 303
941 788
752 851
252 357
473 112
170 432
868 175
504 666
691 750
48 860
285 897
843 923
237 392
74 261
499 865
985 126
236 192
420 783
81 297
888 990
27 20
744 514
670 814
435 379
793 589
952 319
823 441
2 221
315 142
661 409
504 197
948 682
938 254
239 551
554 545
495 905
496 601
687 271
121 188
741 869
214 995
782 561
219 603
914 665
935 769
917 278
581 153
729 686
73 434
516 756
422 815
461 779
444 575
49 137
379 654
175 697
647 753
845 997
833 997
667 529
432 238
942 793
914 970
537 61
647 192
278 557
814 723
600 731
489 380
626 615
823 771
827 324
349 920
246 892
465 251
512 508
824 574
401 659
347 251
789 768
223 580
774 92
355 724
533 916
981 616
731 17
38 987
129 989
95 670
939 44
670 172
621 706
693 213
768 180
630 688
170 114
315 871
635 874
687 444
801 60
713 792
857 375
990 720
403 264
406 953
463 696
997 464
513 405
69 785
808 671
772 506
415 221
665 846
652 784
842 331
235 710
290 924
805 382
437 602
939 488
541 340
468 960
144 918
883 995
13 172
71 378
717 644
813 965
118 947
412 526
966 237
549 91
736 702
610 91
224 386
903 724
121 126
452 754
245 667
257 996
117 234
814 192
687 178
391 273
158 548
31 830
783 719
328 271
220 229
258 454
487 313
40 274
480 457
942 215
361 474
384 271
348 240
449 815
429 273
177 504
803 28
16 954
806 941
76 714
936 635
976 568
168 517
133 541
813 171
154 984
998 233
102 946
565 570
863 805
628 94
167 882
6 180
523 26
172 715
289 992
275 309
702 588
65 665
963 96
450 341
252 605
555 282
99 614
150 870
800 579
8 772
391 520
659 264
788 236
536 125
208 30
405 668
742 607
891 371
48 695
180 412
699 648
132 287
449 437
693 90
604 523
237 46
311 811
507 872
787 138
471 909
773 931
155 500
964 786
179 506
550 223
740 647
503 588
539 362
351 216
875 559
88 896
397 480
130 701
493 631
688 803
468 75
302 214
624 48
571 539
202 106
684 794
829 223
614 607
241 294
857 654
896 778
316 832
74 160
412 816
698 637
701 44
644 635
907 488
244 199
651 385
970 169
391 138
125 324
642 68
850 828
885 378
672 979
586 825
548 494
736 134
202 558
612 825
677 120
459 676
727 472
943 655
358 421
50 618
474 366
805 746
205 462
118 741
817 212
629 351
661 43
97 870
848 730
720 424
702 616
190 348
120 504
176 314
696 705
162 229
54 319
555 262
370 64
371 681
134 135
800 623
441 795
722 636
356 130
584 357
462 569
649 431
542 290
825 238
19 163
39 284
578 462
924 230
63 362
229 638
288 128
180 150
535 540
41 328
355 168
302 417
179 470
752 308
550 251
271 494
153 695
869 959
601 49
322 466
199 888
238 742
921 698
374 486
472 362
571 694
938 651
11 543
28 407
997 285
282 102
336 78
361 743
912 241
272 80
205 942
922 54
390 512
887 962
837 185
19 938
824 999
457 822
42 876
6 963
337 280
429 456
609 781
710 859
911 200
27 701
935 578
955 128
249 549
233 104
859 812
508 310
950 133
951 244
275 655
662 265
977 345
79 425
85 812
157 335
452 285
137 106
272 683
349 947
409 582
873 41
402 649
902 58
997 72
67 15
547 825
489 673
414 606
538 604
191 150
963 969
71 463
722 608
834 934
290 532
362 68
539 647
557 690
523 494
468 719
61 795
277 943
575 466
174 537
981 919
640 689
950 914
300 95
647 982
725 402
339 715
874 228
704 273
933 229
899 813
761 486
681 229
882 606
60 230
933 839
718 871
833 248
314 617
75 419
282 203
145 305
813 642
908 154
174 414
841 201
736 497
718 513
535 85
520 914
776 636
407 710
841 90
986 790
37 581
511 402
993 119
461 697
944 349
27 595
735 69
795 833
864 388
721 525
663 358
666 134
278 704
486 167
516 644
77 378
462 396
211 652
927 194
448 718
201 422
989 389
573 710
196 239
662 388
591 486
636 858
423 352
472 682
287 598
937 864
3 918
209 253
768 6
241 300
318 440
748 693
290 713
95 814
170 115
9 55
798 881
198 557
109 126
312 992
355 2
298 753
952 814
895 644
661 648
422 180
27 79
806 14
455 436
987 128
448 398
247 822
965 615
572 463
97 937
369 908
761 386
189 121
491 113
917 885
130 329
761 371
249 71
66 535
363 59
398 590
830 589
870 526
943 182
122 302
804 682
933 332
205 997
685 411
373 159
432 335
639 84
767 99
888 328
637 595
174 211
140 999
699 368
443 190
259 87
133 55
292 905
280 849
319 464
671 911
231 644
219 836
771 573
704 456
188 729
63 991
814 893
571 763
266 191
51 959
620 692
324 393
767 935
86 772
572 695
997 942
720 361
585 292
567 460
684 204
893 952
195 13
917 740
298 782
781 979
512 72
665 707
838 799
377 224
570 805
593 396
904 369
905 24
998 645
159 797
308 505
686 998
946 583
786 156
808 636
57 936
900 148
539 508
367 719
155 503
908 655
748 974
248 334
972 262
994 458
857 66
666 536
169 64
852 835
49 633
791 928
387 422
322 657
239 888
407 808
605 311
625 601
314 656
944 519
230 472
468 409
896 698
140 48
171 918
999 112
512 970
250 593
43 728
554 649
615 32
174 350
837 486
909 985
124 848
823 55
93 790
367 363
766 39
625 997
534 441
684 494
705 553
244 277
637 458
175 993
712 657
769 104
475 75
920 236
208 334
90 338
438 238
135 311
618 393
409 49
696 595
200 290
1000 396
637 44
730 894
768 95
552 934
275 449
941 524
48 709
664 382
966 383
445 994
212 979
368 753
403 466
811 433
61 690
97 646
574 912
242 361
890 461
84 388
691 660
765 539
179 424
56 413
312 775
1 969
458 160
706 474
190 763
28 242
502 185
195 835
624 895
455 269
27 10
646 567
145 443
213 158
738 90
973 801
447 709
305 829
967 927
36 955
746 576
925 783
947 363
991 530
978 367
656 247
487 499
110 794
951 416
918 43
331 847
337 398
652 67
803 249
552 439
861 83
738 414
998 84
292 961
315 288
980 724
232 386
339 422
270 740
141 676
551 685
816 90
444 891
413 228
949 978
141 821
695 242
147 456
955 353
620 610
660 138
262 922
212 785
199 501
551 864
509 701
738 814
43 9
940 281
393 42
447 251
587 596
808 903
91 773
664 491
260 286
336 172
66 477
530 23
378 475
964 550
56 91
700 796
152 558
778 302
104 295
69 827
380 849
470 298
18 235
871 183
511 746
494 412
939 369
522 811
856 689
503 342
252 726
970 409
101 581
791 661
740 355
282 903
838 656
388 303
65 430
283 19
356 763
431 139
397 39
606 287
53 645
368 217
378 955
887 274
84 237
772 180
10 879
136 702
495 538
667 215
580 668
84 963
212 248
948 692
643 94
535 84
986 743
956 143
260 662
687 265
619 79
927 286
987 547
35 238
642 410
117 478
224 181
611 547
555 884
42 833
448 700
803 98
842 452
256 173
149 92
315 332
337 148
279 745
873 490
72 71
93 719
854 696
980 867
893 104
642 990
759 899
634 836
253 585
394 183
16 653
401 657
733 560
807 265
664 41
702 426
265 162
375 779
530 750
716 709
742 945
835 209
303 463
318 448
651 575
200 600
539 757
134 479
800 775
433 994
446 867
53 293
7 756
800 886
164 741
492 154
147 785
543 724
425 443
553 723
23 503
26 629
208 624
669 797
249 356
909 270
213 129
70 778
17 414
74 345
593 611
226 12
522 545
282 778
304 718
892 569
951 548
286 106
916 793
938 689
387 77
80 713
465 861
62 585
923 293
40 451
253 662
780 490
843 733
953 945
93 254
554 624
438 841
136 553
413 759
318 116
590 553
266 525
22 8
564 372
943 919
895 398
183 2
106 29
641 318
14 808
823 210
280 850
48 775
671 910
230 234
378 492
471 244
534 402
332 606
243 77
536 205
998 239
802 858
876 719
95 866
168 662
959 272
215 96
220 730
936 667
9 487
786 729
751 3
972 748
411 803
238 387
962 310
262 343
964 344
199 445
113 772
648 537
83 785
801 109
251 914
451 585
621 309
582 965
492 367
934 402
276 536
285 982
562 948
134 741
964 796
416 794
196 391
481 740
450 569
514 674
257 651
982 731
606 215
553 489
310 411
905 172
965 892
947 225
397 192
148 826
614 605
942 420
288 657
308 860
922 976
111 546
883 573
990 483
59 207
757 28
685 271
879 553
615 35
121 491
787 266
861 511
611 712
302 426
909 553
737 290
595 495
647 245
962 640
251 626
38 692
404 454
951 843
212 329
637 442
30 24
587 845
287 651
436 855
129 889
591 473
25 952
171 15
941 762
112 802
929 210
676 633
879 82
437 427
314 422
725 952
786 588
468 984
997 308
356 140
582 918
345 181
287 782
78 593
856 551
108 748
470 271
74 556
702 170
722 668
959 857
963 666
324 832
990 865
41 334
62 340
818 558
29 437
416 806
551 272
517 648
517 384
593 538
299 915
455 582
840 985
195 834
877 354
554 135
187 594
978 955
566 998
258 251
268 279
169 460
49 678
691 83
187 304
683 727
213 823
885 58
210 770
687 372
359 167
966 469
914 688
543 387
407 557
546 731
694 451
876 482
514 125
784 728
158 948
811 677
921 101
816 381
343 256
552 327
371 75
637 380
233 110
548 275
686 385
712 901
452 287
271 874
403 162
538 570
885 656
869 59
137 370
986 498
802 100
881 741
609 598
189 574
560 446
945 628
983 404
821 41
915 172
897 457
972 907
475 741
591 723
170 157
413 295
548 634
773 199
503 160
401 240
916 689
438 936
939 368
703 235
515 545
536 964
352 977
596 572
339 717
263 971
182 917
554 232
778 912
502 154
710 479
731 912
862 170
95 281
691 62
819 117
787 531
790 438
828 253
792 955
946 80
876 145
346 353
25 361
357 516
193 547
636 753
570 769
568 529
823 299
735 751
166 734
741 878
780 94
88 438
749 959
309 978
774 644
154 801
192 404
528 30
548 81
947 626
624 439
535 793
521 939
277 37
334 46
449 832
349 495
681 577
439 881
620 594
16 992
280 21
851 478
101 195
618 447
121 765
710 615
37 903
594 452
775 153
119 483
494 125
663 804
666 966
669 295
674 95
397 932
894 738
788 203
475 848
411 712
928 478
227 768
380 211
76 780
523 447
928 333
17 666
222 747
750 212
411 790
764 440
217 43
125 754
852 587
216 237
895 535
307 214
423 724
464 523
106 676
939 263
95 903
494 667
703 493
373 970
644 989
631 863
702 124
728 102
395 617
567 759
899 41
97 137
429 842
529 36
69 227
418 573
236 340
308 889
457 1
420 403
207 117
335 32
192 210
965 953
366 718
58 647
644 208
334 360
335 209
174 209
801 953
343 746
257 155
404 862
79 220
245 708
413 536
694 395
664 586
365 310
101 261
215 296
555 736
230 987
856 342
615 284
671 30
582 495
234 265
983 877
844 498
319 176
103 601
909 742
436 892
310 861
874 784
868 863
858 341
786 726
570 193
806 68
402 719
403 218
665 755
939 13
298 927
940 482
161 397
750 441
865 913
534 846
829 566
373 618
355 979
179 289
416 61
532 347
75 464
759 426
715 103
906 432
892 265
450 788
260 245
503 281
77 171
714 584
625 19
96 271
240 255
520 385
5 327
99 180
118 240
31 731
679 395
848 909
297 153
415 713
87 828
109 932
493 517
421 376
880 16
299 852
951 696
93 336
130 474
188 196
301 355
141 250
291 213
495 605
166 663
81 761
884 354
652 202
376 532
177 174
175 431
896 700
490 63
515 66
774 701
188 810
742 321
938 503
344 536
370 552
79 176
210 65
353 171
534 460
64 518
339 396
340 947
702 781
472 290
797 519
194 636
470 977
842 620
498 422
650 315
30 25
68 980
343 50
661 153
739 665
127 816
854 698
780 569
290 301
842 846
976 212
371 682
946 948
229 776
569 427
824 407
453 944
113 807
665 632
996 110
851 869
856 953
104 190
800 416
587 571
989 911
773 226
599 176
372 650
161 282
205 970
274 27
503 332
839 502
803 804
273 480
290 977
341 837
21 879
9 815
839 391
786 17
553 298
716 210
80 628
196 894
838 709
910 214
255 477
442 331
778 844
527 843
773 567
406 416
435 529
838 487
785 233
420 68
718 568
923 359
338 317
374 647
384 679
729 436
362 183
364 489
274 897
439 473
996 906
56 149
69 76
444 416
690 392
590 342
585 166
289 609
3 483
912 985
244 236
537 436
791 507
337 174
12 450
589 504
499 174
413 226
465 127
806 891
395 162
974 445
150 707
488 320
270 516
641 176
476 158
882 292
792 4
132 557
684 242
152 483
854 710
655 915
659 468
723 83
617 564
637 191
638 712
786 945
267 513
403 387
901 384
462 994
180 87
32 454
627 663
479 74
62 230
194 294
892 305
97 529
482 479
725 415
670 624
127 341
860 902
221 688
97 898
153 656
980 311
550 117
148 925
338 511
239 280
356 884
880 70
329 192
956 939
539 117
45 644
317 895
183 664
467 78
305 863
896 838
474 894
6 753
443 969
705 399
854 165
306 466
550 561
936 869
297 888
810 834
560 561
192 405
214 854
451 352
181 834
508 631
235 457
111 714
599 609
283 895
837 444
328 68
515 440
457 928
940 955
63 932
564 895
495 73
84 724
870 399
854 512
985 855
413 198
586 606
993 839
607 996
223 563
409 761
465 255
29 798
445 220
983 85
310 993
869 94
681 347
507 501
185 121
647 775
26 959
231 533
13 659
233 645
623 144
38 814
422 457
544 687
581 523
161 337
330 632
148 149
702 144
82 821
526 866
341 88
967 244
335 556
683 197
722 869
982 467
182 967
709 990
502 116
910 31
839 250
199 940
494 664
519 55
703 492
714 823
644 990
867 239
528 703
47 505
947 258
443 572
42 524
520 851
95 397
32 541
173 987
155 807
176 744
896 721
179 975
842 181
700 59
313 855
136 954
528 492
413 614
576 504
225 270
889 871
49 88
332 713
318 908
814 785
145 411
49 169
488 983
951 136
686 88
702 790
480 299
825 681
935 660
744 439
279 892
603 364
654 920
484 65
381 455
664 7
836 269
786 614
159 760
660 51
789 657
210 668
392 217
122 568
359 821
323 483
311 950
600 44
220 873
186 553
652 978
32 415
855 769
843 889
493 960
151 926
613 863
355 35
172 667
835 493
844 101
829 279
332 337
740 342
502 33
322 347
783 250
182 600
644 156
166 200
577 215
47 191
123 301
565 446
348 590
311 634
645 374
424 390
334 905
904 944
45 554
212 493
253 711
142 272
22 890
407 948
134 916
554 590
620 49
23 132
615 750
339 83
875 133
213 630
567 587
73 131
257 964
929 17
171 890
408 600
984 267
359 189
534 227
990 481
559 276
339 177
214 815
654 568
71 670
789 415
442 170
409 931
407 632
157 581
934 664
59 943
188 521
204 20
550 859
231 570
751 323
717 367
891 565
223 762
719 737
797 695
360 412
68 981
586 662
401 718
453 669
368 903
315 596
65 633
707 182
394 333
622 327
994 822
441 942
189 536
448 556
671 416
52 272
255 779
688 594
432 758
640 395
397 711
570 964
259 818
588 222
663 57
431 301
111 681
855 990
227 8
299 759
304 987
234 126
198 507
414 708
424 324
143 450
230 20
434 293
398 888
492 115
274 314
133 501
781 265
385 16
383 235
769 522
991 488
344 695
227 375
161 837
115 758
442 522
596 367
335 453
50 119
107 702
454 477
257 951
990 163
645 524
35 45
188 233
901 253
598 548
726 617
819 313
268 17
662 961
754 862
828 57
887 990
37 647
197 6
846 423
806 420
862 264
741 985
262 450
905 945
84 648
67 647
931 945
897 865
898 218
978 39
757 367
64 756
138 327
391 123
231 888
548 142
417 388
626 666
698 895
55 398
149 69
794 266
944 403
194 558
879 766
728 514
634 956
449 900
46 550
702 697
356 518
618 488
933 247
551 908
359 673
464 86
797 268
450 153
604 826
915 363
725 602
157 30
267 578
843 547
672 689
337 762
748 732
86 31
824 651
513 671
843 688
899 738
223 146
522 839
412 99
179 280
363 535
661 24
632 768
611 47
777 508
763 199
104 456
171 356
240 56
455 260
961 248
653 738
892 528
518 980
519 37
981 358
197 311
171 443
739 268
23 95
854 602
321 635
875 188
344 772
959 692
439 399
757 176
634 429
136 560
782 651
396 450
611 983
244 148
409 121
338 177
746 818
379 935
14 928
827 159
535 198
372 112
923 608
124 977
34 457
831 345
956 488
63 598
619 366
822 257
415 369
932 321
382 280
475 150
58 434
133 548
483 675
543 440
395 489
90 963
241 629
497 963
639 362
82 351
689 461
211 513
829 845
642 989
280 134
779 220
233 874
785 963
935 465
299 115
930 151
553 788
91 245
303 456
612 384
160 185
983 299
752 515
848 246
53 15
820 68
994 691
347 366
674 513
454 857
288 656
865 710
38 408
22 637
725 434
502 117
838 755
408 816
243 923
83 750
800 198
984 99
69 463
621 146
917 881
776 175
418 636
524 565
467 252
362 490
861 980
53 791
450 109
705 328
684 962
421 676
23 208
559 386
597 827
447 932
430 210
657 382
663 416
171 942
275 819
887 902
121 355
788 599
11 759
867 682
335 832
871 146
16 800
568 781
662 235
167 523
576 360
619 330
12 308
250 795
290 178
163 160
6 690
318 540
980 617
182 380
619 912
587 580
664 874
647 35
280 115
299 177
180 724
362 723
742 729
110 269
437 35
152 10
134 13
207 817
893 250
56 841
312 307
119 374
164 512
848 436
226 632
542 440
400 422
86 980
860 523
220 874
313 312
172 287
651 736
14 211
855 768
180 8
899 570
147 961
683 147
132 171
122 772
227 239
397 313
389 600
952 208
899 587
611 373
792 569
422 212
152 920
870 231
752 269
682 488
903 896
463 953
340 180
587 93
109 785
830 819
409 501
835 667
654 253
660 156
514 592
145 467
273 166
240 991
792 838
478 361
226 158
317 821
464 791
800 337
624 53
558 776
5 904
37 750
302 74
400 958
637 898
174 128
710 86
111 559
41 973
426 837
300 814
46 446
975 899
896 557
288 882
148 394
422 793
603 572
19 175
44 186
563 622
410 675
719 883
208 435
615 258
324 489
185 869
543 438
950 476
238 482
310 831
542 250
708 134
466 537
983 28
270 473
523 283
854 299
696 693
90 76
971 461
807 163
6 326
447 400
229 903
40 712
493 18
403 470
377 521
904 263
330 689
43 860
100 795
657 984
161 649
847 997
369 878
333 907
27 224
155 471
119 605
182 908
991 505
937 137
722 957
32 777
364 182
892 636
658 228
516 218
393 812
984 497
53 847
754 716
495 514
941 325
749 583
973 788
580 715
895 498
974 967
773 867
616 915
802 588
548 56
624 398
550 922
21 152
280 798
758 985
372 140
10 395
304 164
824 859
328 668
239 348
517 630
63 717
428 253
379 617
489 505
362 625
206 958
689 416
690 635
270 667
94 959
446 212
615 439
11 269
893 49
659 617
72 269
682 586
354 651
741 493
774 64
526 763
324 739
336 17
906 133
111 197
160 815
33 23
949 97
271 21
55 994
648 980
526 533
382 852
527 324
108 700
659 180
109 405
965 789
39 430
94 706
501 539
337 522
393 264
457 337
187 804
497 148
497 332
54 604
668 173
695 848
778 524
592 302
244 721
144 831
880 489
936 299
406 467
500 490
619 916
326 90
39 835
45 642
706 732
598 470
359 769
442 414
134 697
13 281
184 788
32 610
1 405
183 901
165 650
336 772
210 997
858 905
620 792
417 581
281 54
548 92
126 32
186 253
247 401
443 262
542 630
157 537
818 454
99 773
301 877
977 859
506 880
401 772
77 87
647 79
432 685
638 776
860 258
60 910
53 307
247 344
382 91
218 78
717 24
612 306
713 73
820 807
20 428
877 850
80 242
906 264
12 955
825 184
256 589
318 159
526 864
963 710
69 795
217 40
420 587
203 77
666 879
424 654
406 546
139 933
122 887
330 856
834 216
892 454
576 666
645 272
959 624
696 280
607 66
293 182
739 474
227 654
395 618
497 652
786 377
348 650
614 693
810 951
945 472
486 824
605 302
897 541
551 317
315 160
540 447
177 135
583 507
179 977
698 611
236 742
111 522
426 878
981 952
22 300
301 30
109 178
970 863
885 352
67 737
84 705
889 745
714 344
186 145
222 691
273 905
158 859
819 959
550 829
951 138
224 947
280 965
407 167
125 13
807 459
845 788
918 928
8 975
579 376
962 528
214 461
361 143
523 97
858 336
369 261
471 74
47 660
840 947
715 808
189 611
820 361
216 575
434 156
994 626
229 333
895 726
592 622
756 964
796 339
764 479
341 122
344 274
52 963
824 28
626 472
773 941
575 273
868 365
687 683
853 159
29 429
329 467
695 920
246 803
865 635
672 79
317 177
859 933
628 768
577 70
999 307
416 764
917 916
233 948
5 614
100 676
52 519
606 106
457 81
817 342
580 833
926 877
156 613
443 736
325 106
681 450
511 371
149 732
757 119
940 569
301 497
784 981
94 29
839 625
220 199
887 869
102 231
540 994
182 271
42 882
131 735
23 981
858 752
125 463
179 715
168 782
999 333
740 572
152 236
831 404
244 274
686 361
341 760
656 332
305 434
768 822
384 15
183 433
646 811
684 122
997 973
945 866
558 986
567 303
806 685
113 762
440 278
60 967
6 37
160 917
676 613
493 239
131 930
389 52
686 698
526 655
764 174
488 497
185 439
388 252
595 764
134 264
526 574
303 387
146 442
702 223
434 449
756 984
193 110
864 955
160 81
125 695
772 440
496 25
593 653
632 853
852 910
377 362
531 179
642 704
338 647
529 310
674 697
119 267
400 366
643 314
888 969
540 82
923 90
191 786
697 633
149 542
188 116
5 602
409 321
945 407
16 429
666 385
923 376
562 408
301 324
304 488
636 745
253 971
239 520
131 797
838 132
434 758
791 278
710 962
178 657
202 765
846 258
918 159
685 128
903 329
707 600
484 455
516 686
793 39
872 552
121 628
818 434
250 848
36 459
275 661
614 8
10 234
376 934
910 825
733 950
555 442
315 517
904 283
402 643
556 32
918 731
742 367
172 793
432 950
198 793
418 377
919 523
294 268
8 741
302 779
673 245
926 193
985 651
712 333
518 511
632 548
851 770
321 275
359 895
17 762
221 890
475 534
422 51
320 597
941 781
859 396
267 506
274 122
96 976
523 487
356 386
592 144
706 392
823 215
503 450
804 525
198 372
61 36
855 670
52 729
182 792
353 366
248 388
725 254
467 226
821 651
680 785
165 855
568 678
974 518
760 398
429 243
449 246
639 190
6 894
758 792
64 308
600 358
175 608
979 866
215 702
844 849
794 74
553 744
893 656
26 527
956 490
85 1000
230 195
324 12
471 239
823 122
55 492
152 181
667 534
372 272
211 658
820 748
451 131
5 377
435 916
383 944
431 818
269 153
381 335
536 330
699 790
853 101
629 601
233 872
437 126
632 936
820 945
215 953
553 794
401 549
38 978
55 592
998 157
117 891
937 403
359 786
416 166
221 813
350 979
366 886
191 257
375 36
748 706
217 958
803 899
407 489
539 534
282 629
544 384
563 412
121 898
859 860
805 359
117 703
544 511
182 885
572 453
38 723
520 120
518 551
294 646
795 174
838 256
394 953
625 341
882 636
810 481
938 747
72 718
936 407
64 114
62 733
572 154
900 641
760 426
889 10
619 145
166 766
723 143
580 524
429 104
412 858
715 531
867 684
724 803
796 752
11 904
604 265
508 406
111 747
180 537
24 301
611 723
922 266
492 898
219 858
744 576
902 331
44 103
294 534
858 575
471 96
947 237
281 476
979 693
654 927
570 90
642 959
392 510
1 563
746 379
414 787
739 718
257 937
893 361
968 896
290 372
544 607
811 967
755 489
938 203
61 680
661 467
906 277
781 687
655 234
215 949
682 180
185 372
522 797
395 507
985 413
492 251
75 421
721 491
338 785
898 879
29 428
216 205
969 945
473 802
221 580
994 452
668 5
118 244
49 979
670 591
469 278
2 459
240 66
667 455
748 484
815 71
344 160
930 891
663 86
457 455
256 918
26 372
320 89
156 759
72 746
696 420
400 33
273 309
40 72
424 167
631 684
893 306
322 794
254 321
92 356
537 529
870 959
637 896
230 478
534 230
297 601
779 717
407 516
871 35
785 444
699 402
387 598
611 638
599 229
945 54
269 177
456 69
103 411
894 98
751 479
951 233
827 423
447 525
177 366
124 910
373 633
210 19
214 494
566 115
586 661
901 758
850 798
301 598
358 521
270 479
453 811
262 668
310 940
594 283
208 98
336 55
428 607
734 787
474 173
424 922
561 563
731 463
53 247
420 686
493 16
75 451
740 23
928 137
443 65
203 135
769 9
902 925
526 857
213 98
394 652
89 44
458 347
646 406
616 315
874 963
375 306
473 830
471 799
256 852
260 868
248 762
763 173
913 150
769 900
933 91
722 643
152 266
943 22
678 225
168 106
701 64
667 80
559 102
332 292
249 1
893 826
970 35
13 463
876 313
865 200
850 412
960 228
276 665
158 615
909 789
268 227
720 944
813 441
427 514
357 973
513 353
953 718
755 726
383 697
467 474
710 850
295 408
799 24
474 333
741 265
499 178
560 85
410 42
879 12
884 438
685 835
44 944
929 241
983 34
309 95
919 794
577 861
885 780
464 472
428 579
910 715
488 494
604 932
538 794
891 304
229 953
971 376
330 576
976 466
106 287
907 900
126 942
385 946
709 853
564 104
782 163
235 722
416 1000
950 917
97 533
244 684
275 742
338 729
853 86
393 488
88 976
674 619
90 869
924 454
732 684
679 510
886 134
528 568
486 560
394 898
52 730
473 907
358 740
596 287
262 32
340 93
72 723
179 217
787 534
974 660
282 210
254 270
400 105
952 710
828 105
760 399
619 180
272 179
435 609
455 930
166 723
426 904
577 728
158 579
921 219
746 832
424 891
642 7
918 380
187 174
742 412
409 920
176 957
893 768
675 85
548 173
533 863
2 793
807 283
32 933
979 811
485 30
452 233
272 639
845 878
955 274
334 205
285 279
290 399
608 254
782 816
686 529
362 525
794 958
356 99
666 349
109 341
436 955
842 898
517 935
902 168
741 144
507 102
164 781
522 919
885 913
377 598
564 302
711 457
893 422
587 711
551 96
965 784
313 402
189 319
227 244
892 226
622 975
56 492
869 542
930 626
769 816
648 191
423 723
635 49
765 846
537 873
937 199
813 940
652 622
356 645
674 766
491 118
735 923
517 340
813 573
47 389
672 117
734 65
495 727
121 6
84 126
2 185
754 786
439 492
97 253
727 889
366 411
897 652
258 478
480 82
776 543
210 96
780 127
547 348
213 688
456 475
240 396
575 887
743 64
488 588
970 684
439 803
353 678
262 280
25 510
413 900
106 406
750 919
965 67
777 673
831 626
98 850
802 852
410 256
931 313
788 406
312 327
384 438
93 606
584 725
24 123
413 277
86 777
379 369
253 280
955 540
810 836
9 378
871 672
159 740
842 934
772 529
212 966
644 777
203 781
494 380
887 255
372 856
856 593
433 768
34 737
273 863
221 929
95 920
564 177
877 86
881 19
873 695
195 991
568 35
696 216
861 738
255 343
347 776
586 408
849 35
130 693
761 423
706 352
9 528
145 464
312 575
961 854
710 171
801 653
967 280
856 171
196 692
514 369
54 574
697 829
421 581
426 945
945 331
804 26
110 769
52 908
708 379
115 941
791 268
775 651
281 67
118 544
943 945
379 864
552 450
129 439
25 70
889 775
338 7
379 721
750 960
187 943
862 562
849 401
448 762
909 547
491 700
275 635
703 603
461 92
529 563
580 150
992 342
828 964
337 103
44 969
30 2
768 935
452 432
937 784
973 82
738 825
134 236
718 153
105 364
911 300
895 946
592 874
52 991
464 509
526 653
673 239
985 685
404 65
342 498
939 108
958 216
378 462
855 176
787 464
592 904
96 839
264 947
344 321
331 77
223 203
498 130
672 143
338 608
873 514
602 448
948 244
198 511
476 757
496 27
646 407
998 954
468 913
216 170
877 203
915 338
238 639
117 374
544 56
972 432
558 585
209 932
908 904
502 291
478 187
107 209
397 141
143 601
662 763
130 264
258 245
598 457
120 413
499 712
290 430
600 29
999 175
503 828
883 622
244 188
854 592
801 907
287 128
839 599
382 6
365 972
595 403
867 662
617 591
814 115
659 942
439 250
888 502
428 105
600 426
973 70
220 459
249 95
491 19
361 43
589 499
863 993
962 551
899 56
543 6
198 970
693 437
73 584
536 368
77 176
204 692
263 351
278 151
586 694
788 78
845 171
39 244
9 289
781 899
121 965
48 143
609 616
367 797
167 16
575 151
775 337
688 377
851 663
176 429
978 764
949 110
325 476
275 83
77 867
65 891
873 988
432 662
381 749
899 742
411 575
578 443
47 940
179 284
215 618
643 749
915 400
866 510
354 202
195 518
770 760
697 328
380 152
353 386
649 173
192 768
818 716
625 421
627 952
959 601
451 922
362 178
962 325
566 853
734 475
572 402
754 525
342 676
19 643
504 863
302 22
978 699
971 401
643 71
940 515
705 386
32 657
355 913
770 94
948 871
956 373
82 166
980 371
340 530
749 842
813 260
756 154
262 317
444 560
695 9
310 41
862 522
78 53
483 679
996 895
290 29
453 575
861 338
885 604
506 895
286 81
256 4
534 747
281 631
45 502
918 54
868 209
77 37
514 998
802 386
986 423
312 138
612 317
868 903
171 177
467 870
289 174
290 705
721 227
63 500
601 949
431 368
919 543
264 75
686 978
321 110
285 971
894 849
933 943
806 183
476 782
773 950
183 70
670 454
311 764
222 457
574 34
734 515
636 879
728 696
948 339
273 45
2 485
577 127
545 921
291 961
229 260
40 223
813 572
650 562
216 895
862 27
22 194
652 786
654 263
71 403
429 647
921 404
776 433
120 843
407 653
657 370
236 737
373 264
718 376
48 133
921 182
380 619
469 918
453 497
736 243
279 661
600 610
159 163
612 925
885 399
671 66
555 631
292 663
831 450
119 556
711 872
979 819
200 270
183 479
703 772
553 281
548 567
536 471
864 996
59 578
765 444
858 206
399 20
259 993
189 608
392 222
164 475
262 647
530 495
161 368
806 320
311 802
752 146
117 639
39 921
100 867
981 998
749 138
252 678
180 187
18 42
972 175
796 128
708 753
947 859
127 411
809 862
117 657
192 840
305 559
910 252
143 727
183 522
353 315
151 232
330 334
766 945
787 786
218 647
23 18
975 617
468 94
610 230
248 301
340 261
213 458
141 244
344 960
589 906
145 753
791 158
704 96
5 773
157 830
653 153
558 638
947 388
16 98
366 748
457 176
865 19
853 783
188 800
370 924
896 545
325 393
96 79
686 146
121 492
800 306
641 275
434 563
71 810
516 693
176 70
943 662
282 230
570 282
521 591
702 823
377 28
323 902
675 253
25 784
45 429
285 478
142 633
287 624
368 956
755 56
72 376
24 492
102 689
360 16
752 786
181 14
113 840
169 718
572 203
538 577
233 797
890 640
307 600
859 135
590 277
648 572
425 485
856 530
483 187
237 120
833 401
13 551
823 415
299 746
820 56
991 49
811 343
285 548
346 562
646 10
619 543
408 634
630 189
117 486
248 619
778 886
265 921
482 951
911 566
884 708
143 600
917 949
278 241
83 283
356 813
106 920
253 599
208 7
456 679
809 229
421 663
886 501
62 667
118 692
952 667
117 169
409 96
675 349
658 533
189 427
861 58
274 778
82 195
282 485
864 497
503 605
974 318
427 661
775 681
825 522
400 715
111 813
206 19
577 909
999 370
432 252
72 83
327 773
805 37
10 233
29 667
713 302
551 570
627 176
684 89
229 116
587 767
343 236
215 526
372 588
194 892
447 146
530 642
111 225
276 778
80 123
208 64
786 939
398 285
589 54
238 220
773 191
575 231
268 825
712 479
217 935
286 308
868 194
782 310
621 502
222 379
587 682
53 378
941 872
477 542
481 603
77 684
156 174
764 258
251 177
993 54
334 808
578 90
194 339
622 787
697 696
136 812
757 1000
448 42
178 255
985 245
244 588
430 473
417 910
416 551
550 510
771 511
993 307
956 929
424 210
616 582
1000 805
529 49
257 918
323 629
505 378
303 683
434 774
364 459
60 481
614 495
905 839
250 558
608 692
71 716
227 850
944 494
16 825
776 687
220 57
917 397
499 114
856 320
374 822
395 415
93 854
898 310
390 406
104 657
693 615
694 192
422 984
951 211
811 932
738 668
189 776
685 899
119 587
211 516
54 121
238 303
982 293
210 436
673 948
911 502
789 790
332 871
149 439
391 542
986 420
513 988
488 868
960 823
324 594
934 287
721 226
8 275
872 82
450 920
877 991
935 131
941 878
618 909
803 789
294 920
320 291
895 540
752 486
753 51
660 601
133 423
762 835
964 999
565 420
606 336
878 661
38 492
207 960
563 191
31 637
322 531
145 490
705 210
724 362
407 942
853 330
305 748
748 16
14 756
870 334
643 132
224 412
943 185
156 541
767 389
572 149
44 542
245 427
926 900
505 278
844 993
866 809
23 860
407 765
122 421
831 670
453 504
766 417
642 233
71 833
20 693
537 453
497 640
449 805
600 611
289 668
409 378
484 361
565 512
396 551
647 30
280 120
105 229
786 702
271 826
152 434
100 490
963 106
803 757
570 200
94 778
594 306
116 530
797 463
354 695
897 409
699 533
627 500
859 299
38 844
259 625
908 222
742 548
48 560
711 431
113 30
43 887
507 866
976 299
226 966
304 511
9 820
117 873
302 403
817 989
549 690
809 861
277 863
916 411
761 564
99 189
710 399
123 291
344 52
594 567
365 418
598 304
856 399
585 869
258 239
827 781
631 824
767 117
343 816
821 704
736 596
398 563
754 677
139 385
748 395
268 890
431 670
775 628
671 679
68 392
63 441
628 704
956 335
741 943
372 6
345 950
107 307
35 174
823 153
936 803
573 434
931 104
932 311
400 736
827 75
832 739
747 496
660 845
414 449
660 409
456 215
419 301
231 952
885 610
957 821
615 313
341 644
768 778
822 125
562 40
94 964
440 683
960 829
168 890
746 203
33 300
733 991
538 735
488 335
232 220
789 846
519 213
831 199
147 2
280 481
544 638
160 887
968 526
308 55
347 475
170 48
99 362
851 987
229 531
947 664
307 889
308 422
716 491
665 867
705 862
298 156
27 524
276 683
995 53
924 111
174 333
857 52
425 133
435 74
273 91
644 126
207 502
355 291
250 87
18 817
19 504
445 302
411 354
804 715
127 156
454 68
554 798
424 247
170 519
961 281
504 837
602 514
306 199
325 185
606 74
84 944
670 987
563 568
468 343
988 414
75 543
211 47
173 53
842 247
770 120
684 534
49 9
413 552
989 149
901 787
442 72
408 344
872 925
894 50
362 995
930 668
183 243
739 241
560 874
127 566
922 345
681 936
837 739
529 690
536 370
84 282
684 505
740 807
726 985
484 176
116 203
418 258
772 949
63 972
428 431
124 510
823 726
882 174
976 183
686 730
781 786
958 653
346 979
879 239
411 661
90 938
555 122
976 469
670 345
284 12
359 968
469 120
19 201
296 450
385 951
78 804
51 29
431 444
731 714
398 175
147 877
795 809
346 317
48 806
982 313
124 288
318 666
766 895
322 524
53 652
353 354
908 942
491 28
573 54
957 471
488 486
361 568
417 894
905 757
547 468
430 184
783 764
842 152
861 236
554 532
244 211
410 300
139 294
954 417
775 717
997 589
512 907
641 297
708 263
67 665
729 804
381 105
465 215
496 331
167 754
686 314
245 522
393 689
604 71
897 97
440 756
646 868
595 892
580 232
384 971
537 187
977 460
959 372
800 371
20 214
225 784
910 571
768 16
458 730
76 157
276 815
337 847
358 935
531 819
273 743
237 174
240 414
517 780
835 361
143 430
860 684
117 921
388 71
270 39
56 495
700 936
757 681
607 381
502 988
325 573
507 822
972 276
666 923
739 227
26 634
703 388
192 878
840 906
790 520
256 799
331 373
494 675
98 88
634 134
501 141
292 360
39 909
583 208
396 190
734 68
944 902
710 221
58 540
738 138
595 295
268 215
202 351
700 50
520 952
975 120
617 628
524 992
376 38
563 890
679 817
784 125
576 511
784 608
297 754
267 486
119 776
998 21
391 953
487 528
27 694
215 736
646 689
205 479
333 234
431 877
759 264
738 673
890 904
322 966
747 565
327 605
882 276
534 757
148 48
261 383
101 112
363 905
985 379
777 785
212 850
525 863
431 560
949 51
422 413
631 465
209 352
589 755
158 427
716 369
872 852
222 370
414 576
200 716
38 220
631 247
83 847
962 64
467 610
817 835
471 971
656 85
471 902
554 118
313 540
632 830
178 930
127 389
221 576
592 348
226 950
190 709
195 849
17 113
257 123
443 699
170 657
32 850
714 850
17 2
202 14
404 710
27 937
635 316
191 842
395 909
528 611
235 74
183 810
990 206
466 282
838 2
71 625
404 548
803 413
743 131
49 188
417 663
269 654
609 187
827 876
174 245
286 467
54 863
650 30
961 663
893 852
713 214
396 742
744 827
797 622
45 137
608 91
811 606
498 335
280 38
746 10
777 688
430 684
931 329
555 597
862 851
594 501
775 72
465 175
949 885
609 720
78 269
63 219
998 482
584 434
570 237
695 969
113 846
246 546
281 734
525 835
640 19
9 655
237 229
795 689
201 716
686 814
138 960
394 598
551 84
209 477
427 949
947 667
820 139
553 624
167 476
596 690
27 329
891 118
194 474
87 517
596 451
177 654
388 430
431 8
770 642
419 549
40 891
477 730
297 108
942 636
304 816
302 287
565 411
622 740
794 714
40 778
407 96
108 169
576 891
212 127
140 236
163 341
53 841
477 109
83 394
28 537
948 730
589 940
435 521
454 359
535 74
201 889
443 18
806 681
466 401
728 836
512 817
340 75
150 159
525 449
512 928
768 602
785 412
846 158
487 830
131 574
443 240
255 647
449 883
598 904
694 331
571 252
94 816
760 51
979 337
997 778
871 801
63 793
466 538
983 216
710 624
552 622
150 731
820 555
732 335
551 901
402 764
988 216
150 842
66 305
