1000 9900
431 635
693 340
534 556
748 79
916 356
95 831
242 161
685 609
137 91
791 933
507 207
623 889
76 88
320 426
18 225
19 200
421 228
744 961
528 798
530 324
455 453
38 119
297 63
833 157
653 650
857 23
416 859
971 43
134 821
13 188
383 180
754 520
615 585
389 210
624 996
622 627
236 474
992 536
496 375
114 826
619 795
502 445
231 209
879 805
168 217
425 718
45 781
136 567
221 122
913 801
3 297
188 891
210 991
366 682
535 223
6 523
120 16
597 514
249 748
490 142
864 415
96 9
116 68
873 327
983 682
570 353
976 584
595 142
980 604
803 509
953 456
684 424
578 935
690 537
858 471
430 740
384 972
719 678
725 805
765 36
177 571
307 756
953 170
185 16
459 401
977 92
74 515
600 965
986 418
933 761
957 535
636 422
285 166
930 317
695 639
238 254
811 98
226 734
426 12
412 47
968 583
86 927
423 992
972 55
132 190
651 586
122 109
463 603
446 293
1 926
643 603
809 871
222 460
504 561
106 685
264 28
948 350
412 659
964 960
734 442
476 478
207 350
101 999
14 104
913 995
908 762
557 581
739 337
102 1
524 643
391 500
178 451
685 200
43 466
932 168
326 635
310 383
40 399
131 856
219 871
488 545
549 306
127 794
699 397
172 267
652 61
312 813
374 993
233 243
675 484
349 879
225 375
188 637
589 556
419 307
846 494
189 953
650 701
278 618
211 693
285 326
983 787
90 942
113 583
902 479
225 593
836 87
346 199
642 952
864 776
383 800
592 520
579 271
838 328
967 652
287 558
401 619
731 634
242 7
684 178
81 387
284 288
933 669
517 990
332 20
564 415
983 343
332 107
119 109
873 921
536 871
773 6
761 728
669 981
415 781
342 807
593 667
756 881
78 797
227 101
908 642
564 44
674 572
221 607
155 867
171 317
568 406
326 506
889 350
463 823
505 101
732 764
967 391
737 618
629 356
633 865
279 129
192 972
213 909
417 948
35 485
515 943
952 531
774 904
905 675
671 528
966 84
292 99
41 933
478 626
460 937
135 983
27 758
129 282
184 987
921 230
894 836
903 466
797 843
432 501
585 177
590 642
148 401
384 896
869 238
465 371
616 973
121 497
267 5
180 994
366 973
917 451
651 155
452 158
909 427
423 271
577 855
750 550
524 457
121 817
694 57
739 640
775 216
906 25
636 264
877 754
487 874
573 997
25 567
190 219
835 998
734 788
988 572
609 945
540 629
578 288
523 241
873 996
200 666
48 990
217 445
948 65
198 608
270 109
330 696
595 537
730 185
224 353
933 868
517 101
136 448
725 386
484 560
86 324
494 745
353 491
783 343
269 810
875 439
683 547
832 359
770 933
608 99
101 831
304 543
247 529
97 200
387 284
659 490
122 365
749 576
823 473
698 319
791 191
391 333
283 588
241 184
952 500
546 721
103 212
196 330
785 403
681 352
287 930
719 943
560 876
634 597
675 13
306 664
612 592
557 81
633 411
580 246
708 451
530 991
803 337
422 617
495 429
647 96
674 478
197 723
725 143
828 859
601 643
138 131
621 576
323 133
751 77
73 942
275 486
630 822
479 782
63 79
116 469
474 138
555 239
498 820
650 137
86 23
458 999
220 809
204 102
248 974
636 97
325 694
142 916
949 268
393 635
806 143
336 645
798 547
677 434
623 458
865 690
437 585
471 830
79 537
373 706
173 548
891 883
985 250
14 364
142 289
36 748
296 113
45 618
248 394
100 747
796 853
925 887
175 264
484 480
645 540
118 834
582 61
61 906
547 984
145 702
878 824
193 682
52 938
59 1
225 249
120 17
136 790
842 376
515 274
438 103
367 327
900 856
633 341
836 862
292 1000
96 249
538 960
613 396
741 711
286 202
694 199
987 331
471 90
167 893
474 477
147 497
322 623
958 555
625 42
211 665
745 62
229 149
533 161
638 819
55 569
494 11
699 153
708 197
604 790
608 465
151 687
371 621
155 552
971 394
90 148
96 660
311 986
822 108
593 301
630 382
778 713
838 969
216 328
948 57
289 396
364 832
165 305
152 900
283 170
817 950
967 124
143 334
806 58
771 318
437 990
390 888
800 222
326 46
311 414
987 973
905 646
787 678
112 324
41 840
615 850
806 688
550 763
555 943
802 540
250 577
831 667
923 580
71 306
980 403
305 173
234 93
488 513
520 664
975 408
528 131
949 637
162 385
516 876
461 947
188 749
724 527
102 943
712 975
380 837
453 862
806 809
203 708
76 590
719 788
208 350
685 996
376 996
964 173
828 940
962 410
55 705
251 833
512 469
508 80
572 207
99 661
669 257
337 829
623 78
185 412
223 316
228 454
547 586
473 409
699 647
583 370
544 708
318 211
119 326
793 753
976 415
698 744
133 230
69 760
869 573
913 275
978 827
151 887
133 408
798 904
177 326
451 969
213 170
715 24
473 670
516 95
437 818
369 932
334 918
356 678
340 35
583 33
830 906
748 119
737 770
50 151
573 124
791 37
960 111
245 27
743 300
461 139
880 790
936 8
665 597
260 706
488 655
178 375
267 288
334 258
954 500
348 907
23 893
728 793
620 863
842 289
951 449
604 129
681 741
277 242
600 467
586 810
534 474
724 956
512 740
451 176
290 238
589 458
805 669
737 319
121 722
621 825
819 785
346 297
57 314
475 71
172 355
581 759
547 955
716 546
439 593
198 820
968 851
437 432
246 544
344 370
46 860
655 822
327 353
973 175
794 866
635 944
212 999
484 844
949 390
444 390
60 659
497 463
210 96
251 56
472 827
740 492
961 457
32 35
929 811
694 533
165 201
919 432
189 211
688 670
943 318
624 796
363 320
934 151
507 531
356 715
230 56
565 409
17 83
992 655
498 992
244 628
406 463
9 567
503 533
930 921
700 295
938 636
44 707
508 16
620 14
254 276
791 73
960 75
743 336
395 824
952 671
184 777
491 361
795 315
926 963
982 847
680 233
590 620
991 919
941 254
465 717
340 763
324 128
21 160
308 270
676 972
551 720
880 623
737 234
813 85
561 4
618 63
763 954
747 465
345 689
757 601
328 929
475 50
742 212
929 425
983 218
628 155
831 262
472 731
94 822
935 292
648 766
6 504
835 80
521 893
821 397
90 185
759 721
6 395
834 776
997 891
70 768
4 888
540 602
902 900
1 387
321 864
764 56
838 851
31 693
734 896
700 784
692 444
251 196
43 688
27 343
209 584
84 428
322 361
14 83
638 904
614 980
795 810
898 390
320 330
106 695
13 809
416 861
626 362
184 489
98 179
579 544
857 902
363 189
718 961
934 770
32 823
758 454
117 454
923 63
160 380
553 46
883 819
277 630
813 612
376 303
411 496
479 994
788 870
93 238
390 590
562 439
875 68
13 493
331 662
490 125
995 810
883 510
744 448
463 290
671 777
28 797
814 600
41 670
499 118
637 676
965 381
110 540
606 609
384 160
580 324
784 321
578 933
978 558
215 80
987 251
765 465
493 398
441 19
119 500
524 402
711 784
987 104
474 77
137 411
236 283
391 563
368 599
425 665
26 901
958 778
228 35
699 975
341 780
865 898
167 128
351 423
61 11
934 354
764 435
658 352
677 452
562 900
834 161
781 614
985 59
786 60
787 237
147 650
633 617
170 297
770 474
307 80
843 2
277 680
705 37
889 320
838 379
164 350
956 978
4 295
580 966
377 5
804 270
456 660
18 647
496 661
153 916
282 48
1000 773
456 299
663 74
206 403
813 729
616 821
889 48
782 620
40 369
851 75
45 896
571 344
20 706
295 632
158 816
452 21
714 320
1 235
954 307
573 539
477 486
741 617
813 12
708 358
619 325
362 806
989 331
112 769
251 104
922 388
194 623
398 168
436 720
534 281
819 802
208 351
742 156
491 301
584 10
655 227
137 294
854 661
418 329
147 381
258 830
78 423
781 966
975 344
180 499
347 322
99 741
617 352
394 433
677 646
15 35
848 60
161 267
178 517
208 810
824 901
597 305
725 492
748 963
450 666
235 656
682 465
555 887
460 487
482 43
636 904
965 590
556 452
87 832
38 268
296 187
723 628
835 458
473 170
161 951
648 447
160 82
544 240
303 777
876 189
839 843
363 18
182 586
573 123
345 90
408 563
136 610
637 808
480 436
344 965
23 783
597 742
904 373
261 779
335 190
232 757
763 691
470 659
898 204
885 332
903 349
427 684
67 709
913 521
715 901
528 845
793 83
296 533
23 578
357 189
567 1
310 234
202 931
205 448
902 302
814 871
271 757
440 687
58 226
276 29
59 647
298 693
318 688
580 35
873 63
233 920
911 389
841 601
518 233
868 500
793 286
928 563
674 43
893 149
310 935
719 521
867 74
488 505
808 920
146 291
259 960
132 338
812 748
837 847
198 727
554 311
60 684
441 662
317 315
450 480
768 505
795 976
796 399
655 68
492 214
402 234
812 929
105 803
89 422
715 182
992 649
494 751
558 736
80 623
9 677
411 201
855 754
701 239
666 577
776 129
799 687
526 493
974 643
13 210
353 203
814 296
361 576
269 973
608 591
357 532
896 740
571 418
398 642
330 348
974 605
520 996
555 505
852 441
992 828
537 150
328 373
709 527
443 132
465 716
466 31
550 915
439 240
25 36
128 811
936 914
149 75
707 977
211 766
563 597
675 15
867 204
841 795
989 435
385 301
542 829
284 981
609 640
920 213
439 519
66 938
696 636
882 347
495 284
17 976
336 732
74 790
872 492
284 362
181 926
916 359
260 259
890 528
238 848
898 937
518 390
260 402
958 73
123 16
714 725
566 402
461 897
769 956
934 470
991 131
170 419
174 555
891 23
639 669
652 283
1 951
769 813
296 341
387 190
207 545
544 491
49 899
766 784
640 574
860 921
166 270
459 784
493 150
722 918
288 408
416 717
36 750
862 150
191 180
829 55
297 222
943 51
156 647
231 381
539 158
917 980
723 925
559 3
46 178
311 238
359 25
809 196
67 951
635 763
244 879
170 886
979 244
193 575
267 272
658 995
668 443
145 700
940 761
182 348
365 938
524 79
549 492
954 284
529 881
104 519
706 983
694 298
15 12
646 713
849 467
37 419
450 446
628 73
479 569
466 948
215 83
271 813
592 522
479 590
877 551
534 604
39 150
441 899
595 606
281 746
689 875
656 938
252 75
20 321
239 380
986 80
270 265
933 631
290 731
722 725
293 744
259 536
422 452
6 263
997 368
247 113
802 382
626 90
644 397
592 86
898 909
39 325
665 942
578 409
483 71
321 96
13 618
61 788
658 353
761 690
437 715
283 172
928 39
431 92
957 176
991 116
575 373
835 536
782 49
511 915
852 558
27 80
528 539
648 388
740 618
2 257
60 15
390 920
411 479
178 510
783 687
733 272
112 326
409 178
496 845
11 674
340 350
453 217
679 991
149 816
956 160
724 196
124 920
755 742
37 619
941 197
215 134
106 14
970 727
813 11
120 158
375 702
563 540
125 403
841 834
76 761
684 278
499 194
82 422
889 590
581 896
694 161
422 548
495 118
19 369
869 133
559 953
854 571
512 312
667 353
147 271
223 536
115 387
480 516
155 1000
745 24
30 440
416 508
470 163
539 910
155 921
247 311
289 211
331 166
399 18
403 87
539 349
100 11
691 1000
602 213
380 267
74 938
973 282
118 435
873 926
126 926
477 779
679 200
692 117
621 74
839 407
715 141
554 5
994 476
613 550
248 742
196 782
649 888
766 955
343 862
667 76
170 556
634 9
191 886
749 712
970 55
257 928
838 6
605 265
606 994
273 446
335 8
691 55
893 526
527 654
272 242
755 597
37 446
352 64
315 52
483 950
68 260
875 924
568 836
662 18
449 875
466 203
512 631
819 629
824 841
664 946
745 329
858 616
125 832
777 710
205 173
817 197
157 380
153 932
717 356
202 819
320 902
580 44
233 927
655 997
860 300
8 611
389 426
177 576
877 751
163 565
312 217
384 806
646 66
149 490
299 437
816 793
506 659
379 131
994 956
42 465
623 11
635 946
651 681
527 362
363 663
18 710
700 782
76 48
648 945
976 494
656 940
119 114
824 82
869 718
874 952
928 240
624 655
416 964
556 520
995 56
967 531
251 280
288 270
416 819
53 514
436 446
165 88
517 499
611 488
4 218
943 425
436 105
105 947
416 674
183 612
683 548
667 443
814 446
482 191
725 225
838 320
482 948
1 741
787 514
26 336
357 642
32 993
839 814
273 412
964 506
166 604
294 609
540 329
266 594
895 23
459 223
790 129
723 222
808 850
45 950
26 982
486 72
790 112
149 872
442 226
975 60
903 307
979 57
267 469
272 365
861 421
497 754
849 613
449 887
548 177
306 516
977 313
816 249
727 397
695 83
698 245
92 132
696 328
553 991
45 378
804 395
674 362
620 754
947 681
256 63
223 707
958 562
579 315
582 690
750 688
417 108
38 604
590 89
739 673
78 365
363 853
273 621
60 851
226 583
725 623
837 913
129 626
518 500
668 385
612 27
124 217
821 173
34 689
292 833
428 857
756 773
544 381
570 705
23 979
956 746
360 924
635 45
999 516
247 803
198 365
454 251
519 729
576 957
973 661
932 276
895 836
954 300
478 156
987 994
675 351
349 145
773 543
443 852
176 617
763 431
981 476
330 238
334 750
300 970
282 77
822 579
235 167
897 696
92 292
477 254
667 850
540 476
143 367
12 37
268 570
722 819
684 759
885 146
10 450
784 165
324 230
97 292
758 290
525 370
697 364
286 190
290 932
290 165
181 515
2 785
332 552
629 782
392 749
537 13
778 410
73 621
516 937
223 551
669 393
615 461
410 796
512 460
15 299
418 291
594 52
777 705
94 675
721 75
6 373
247 451
584 349
638 528
455 246
39 503
367 986
716 949
155 730
855 881
517 152
868 437
316 975
192 581
356 472
271 273
40 537
442 917
647 922
869 518
302 633
53 457
769 776
517 442
778 208
672 61
468 976
269 161
52 791
273 38
662 600
94 142
375 968
758 433
339 869
698 110
624 949
308 552
32 844
406 501
790 472
49 648
587 136
36 914
226 352
301 370
359 60
514 357
254 338
623 943
771 110
754 778
903 597
118 685
984 315
685 285
278 925
545 623
12 201
433 100
288 865
258 329
443 207
228 687
121 473
638 150
593 170
768 912
953 526
666 237
387 900
358 425
620 532
966 552
590 836
88 211
392 649
447 365
674 291
533 236
76 585
774 270
599 895
232 343
105 239
696 582
548 431
332 818
12 668
949 141
567 370
608 257
756 692
833 620
704 788
673 219
51 731
180 509
734 828
733 663
332 16
152 342
206 521
933 618
924 867
370 116
670 267
584 712
548 867
873 558
783 89
752 425
329 584
716 76
934 31
536 922
131 478
574 118
764 320
602 359
531 161
679 297
717 630
97 597
834 306
429 622
913 161
92 936
95 311
170 666
745 978
83 663
725 204
781 362
749 310
566 788
759 499
22 886
135 557
896 875
805 245
974 724
277 428
994 174
832 61
960 98
67 792
280 633
361 763
969 500
700 124
480 135
153 231
465 597
432 282
303 617
805 983
516 414
240 519
244 215
524 897
525 472
837 70
914 721
645 847
537 427
81 807
742 92
117 964
234 207
287 859
236 881
862 965
478 946
100 150
203 741
831 495
357 404
217 131
589 297
536 973
232 194
659 455
128 397
777 816
422 34
584 262
837 956
824 373
751 922
903 287
510 812
253 789
510 959
497 460
463 723
65 768
86 126
786 864
623 333
554 452
721 445
540 791
248 805
89 59
311 652
99 78
764 356
13 770
969 596
606 387
476 636
356 758
196 867
553 422
24 722
614 777
359 358
1 740
607 140
810 430
257 6
374 353
875 204
842 31
763 121
990 175
918 472
758 155
598 560
675 757
987 679
296 838
813 287
154 172
895 487
291 77
718 420
205 559
119 937
338 80
121 288
528 32
492 49
201 344
686 274
600 434
999 282
382 488
6 834
617 849
889 916
470 927
788 368
92 133
103 388
974 31
909 593
582 544
64 578
91 455
113 515
510 543
285 443
171 713
163 579
310 790
756 322
20 968
741 18
410 936
968 882
734 869
973 756
302 785
98 174
128 280
521 343
423 883
964 533
569 67
203 205
475 608
846 529
596 876
47 948
449 77
782 313
237 486
463 548
28 7
48 845
912 754
394 681
146 182
692 386
916 566
192 792
981 8
782 91
913 216
145 118
915 374
311 513
758 426
482 135
361 768
527 781
910 191
70 936
677 144
524 290
697 562
649 951
724 349
283 401
31 535
343 769
201 577
4 477
85 629
923 161
981 475
123 975
197 460
861 885
705 489
182 716
394 411
37 199
666 500
435 665
125 262
240 591
25 405
278 865
719 641
970 221
598 830
68 349
106 40
125 284
201 372
591 35
704 333
808 701
197 294
15 999
822 285
663 743
650 642
634 629
286 206
362 848
556 216
578 928
68 898
148 26
538 750
78 223
150 760
686 542
871 550
15 298
936 399
405 550
100 409
393 631
377 771
525 821
450 241
547 709
129 556
868 911
621 689
933 629
844 144
151 536
98 984
137 122
800 790
639 861
655 152
255 580
331 538
811 502
902 963
561 834
450 770
161 733
920 542
928 57
178 952
199 18
660 608
293 89
187 353
361 851
615 539
545 913
322 618
232 790
740 532
140 290
838 393
306 54
485 466
421 711
282 63
247 725
560 748
460 898
779 391
784 996
804 495
185 665
735 561
700 33
225 281
351 441
110 588
681 542
406 188
885 486
111 472
569 989
119 141
328 109
145 841
775 973
689 404
840 8
567 431
688 76
638 635
146 536
519 89
557 294
953 651
410 881
914 534
533 461
592 647
100 422
856 828
621 516
414 936
401 511
350 867
941 937
263 701
855 167
33 212
53 153
627 316
630 749
299 361
891 243
998 693
359 953
567 837
331 818
169 150
260 251
118 339
999 766
526 250
268 734
565 272
402 276
331 134
459 845
268 685
435 228
2 449
57 666
120 546
118 125
718 828
349 167
866 115
773 709
636 194
559 84
726 751
53 895
791 33
593 858
207 174
818 65
408 421
534 252
165 631
295 648
706 87
102 146
89 100
457 777
945 899
103 316
699 29
737 194
444 752
304 3
909 602
64 635
845 860
79 420
524 375
105 57
323 910
654 982
224 729
812 58
724 670
637 75
716 606
767 915
459 463
280 202
372 624
856 873
85 633
836 455
472 626
437 444
60 841
521 425
82 573
411 529
11 507
312 74
333 716
602 183
712 993
922 510
262 603
783 15
843 763
409 673
809 640
169 109
838 533
70 675
930 576
904 123
652 713
228 870
375 260
182 920
716 192
790 603
965 559
540 165
899 563
869 831
799 680
352 571
535 354
752 194
907 472
387 498
115 457
302 3
44 801
469 530
18 714
331 529
424 141
357 529
84 959
202 270
774 760
336 788
407 717
391 328
585 199
32 705
179 530
241 905
257 172
93 305
975 62
893 641
515 317
720 825
701 538
850 180
577 532
286 320
15 898
842 464
326 577
534 506
2 779
519 370
522 466
11 91
451 144
803 709
475 578
774 324
542 800
391 780
802 149
698 98
293 782
183 494
901 591
940 235
372 549
949 851
792 18
646 925
439 689
734 874
530 641
312 247
412 600
765 380
643 822
368 702
81 351
890 543
485 565
255 931
789 589
78 700
725 335
962 19
714 720
270 82
327 103
851 337
312 836
708 235
682 5
757 591
207 546
27 216
534 966
947 923
14 454
56 312
317 175
579 548
728 234
468 45
27 998
411 327
71 273
44 675
117 115
749 654
184 698
719 330
866 938
631 622
279 309
961 902
420 450
952 703
812 726
169 360
477 365
315 126
448 541
417 450
642 29
352 249
922 317
940 742
1 60
935 875
106 171
3 602
79 495
101 355
945 965
362 849
972 538
58 54
370 324
116 864
998 322
232 381
862 813
21 275
560 107
45 493
472 844
403 507
43 212
704 778
962 290
301 660
17 945
364 520
776 713
423 129
503 119
716 324
133 124
635 892
553 545
555 95
481 526
189 309
446 348
928 203
621 466
993 9
930 504
109 254
209 680
29 477
606 457
277 835
278 484
189 23
654 67
602 304
549 791
678 69
938 798
832 309
64 175
445 510
909 399
532 650
438 617
421 373
596 325
118 897
467 139
13 43
350 252
754 776
867 507
192 289
727 883
193 536
602 884
415 393
435 583
990 503
704 140
814 65
780 113
304 314
793 970
222 556
704 315
345 979
325 301
474 745
720 769
999 748
315 267
229 321
49 219
638 231
659 862
107 621
552 270
310 2
314 193
188 746
797 564
921 811
972 574
116 836
744 421
561 209
868 614
517 550
797 342
600 824
394 347
163 538
440 501
739 763
186 729
376 711
674 114
143 245
806 415
384 716
5 244
394 445
656 792
245 972
517 873
419 962
579 160
289 306
368 341
994 761
578 504
707 260
235 784
45 367
293 491
596 532
526 88
636 789
633 738
605 834
126 718
120 382
602 647
911 549
435 276
734 408
330 66
666 664
539 154
79 845
984 217
9 623
377 37
532 797
610 13
525 535
563 897
891 540
658 919
250 191
383 424
349 72
300 908
62 887
714 261
97 384
408 469
872 794
634 345
840 504
567 895
521 899
867 757
4 610
107 696
624 494
127 693
391 25
331 402
665 156
998 40
619 293
788 350
371 779
811 599
884 135
105 56
33 331
494 121
769 127
879 396
298 689
280 92
742 188
745 104
103 626
696 612
452 442
608 176
63 192
622 337
767 680
144 255
879 98
167 102
405 605
872 500
102 569
877 893
808 924
31 952
147 10
403 116
795 694
271 181
476 937
185 300
846 792
333 604
9 126
593 852
468 709
909 109
973 396
151 944
374 187
377 645
851 642
683 891
134 689
104 474
252 562
199 981
16 57
160 331
325 911
308 627
520 59
426 201
227 357
598 340
395 593
602 667
197 325
342 662
553 53
799 918
170 527
932 159
495 529
995 761
157 872
614 457
81 726
347 390
227 976
220 191
183 37
211 38
46 487
513 402
423 869
236 945
185 577
675 418
872 532
45 230
448 720
893 994
286 208
736 35
989 399
110 700
613 483
560 241
686 401
390 50
485 112
785 832
383 785
332 997
152 67
48 574
746 279
877 575
197 733
698 466
682 575
938 453
29 948
157 127
927 911
199 484
258 358
129 966
152 353
890 685
618 764
233 666
270 305
110 48
845 387
204 13
422 476
207 926
99 289
25 646
816 663
85 382
947 591
713 785
494 450
377 568
418 839
156 223
303 280
568 135
200 779
19 209
826 707
294 117
406 531
445 247
710 259
873 740
749 73
342 865
736 1000
700 627
493 779
131 280
610 491
781 462
35 756
36 311
880 407
697 711
19 431
70 942
252 677
809 46
922 727
725 130
912 289
857 140
408 182
207 240
536 914
197 458
624 106
36 968
628 610
170 554
398 327
760 410
460 920
201 318
475 425
302 762
978 320
904 547
413 659
857 581
767 206
704 208
120 23
46 259
563 663
124 999
784 152
966 688
165 576
382 443
148 343
477 413
758 566
49 190
175 842
915 540
401 76
720 580
336 317
525 593
439 615
668 851
501 910
341 565
124 427
767 659
536 453
150 873
854 765
199 456
823 438
863 609
864 577
920 979
538 790
964 484
790 964
475 721
575 2
231 512
816 92
147 746
506 313
603 221
199 342
15 123
484 656
468 406
621 465
344 259
909 327
364 958
593 688
740 417
725 467
694 157
492 26
739 107
691 332
613 312
514 687
239 912
739 120
64 160
191 713
607 177
131 18
683 609
631 815
444 59
763 479
782 855
52 560
1 546
893 708
300 706
830 611
101 881
778 951
770 790
906 149
98 293
830 754
671 714
547 504
178 333
508 708
453 197
738 373
131 833
595 484
524 920
796 597
230 441
676 35
325 411
733 14
154 747
72 267
335 854
687 429
780 193
124 523
987 399
344 699
61 220
239 298
266 218
809 745
859 713
732 121
128 791
332 591
405 245
994 192
673 525
157 404
102 646
306 858
347 10
419 393
737 724
150 555
465 187
727 295
399 376
152 833
898 553
686 568
279 994
764 808
551 842
203 984
225 820
228 125
636 338
324 552
971 479
272 899
113 811
169 617
575 209
263 320
13 680
565 971
238 157
111 401
192 565
372 648
403 18
256 550
556 657
782 247
535 517
113 230
85 380
587 506
345 316
312 748
297 120
479 256
882 517
424 117
120 548
227 328
876 43
568 268
456 595
679 520
496 295
186 596
776 377
944 971
118 994
394 587
130 426
439 340
294 633
723 857
761 142
136 615
980 104
567 600
519 575
496 517
461 525
563 817
675 683
33 881
144 417
951 430
111 573
257 838
796 697
374 597
965 30
662 22
573 457
650 614
334 455
509 268
745 444
176 993
107 699
20 850
258 731
82 503
154 920
358 328
253 126
200 118
145 811
755 996
662 368
224 876
78 123
873 401
980 659
336 974
128 98
917 174
913 688
295 206
743 957
65 729
409 639
220 848
536 398
650 442
651 975
254 634
517 938
789 853
313 132
557 409
595 538
420 373
196 860
546 177
48 961
105 635
638 559
17 521
646 352
904 287
354 330
2 952
725 344
549 635
643 762
40 581
757 760
259 741
932 120
905 260
717 809
526 212
346 568
188 299
706 296
304 808
32 775
235 768
927 109
368 175
294 699
725 237
288 480
87 634
365 526
41 232
808 593
303 808
107 91
490 353
164 226
537 584
841 194
897 592
795 305
745 638
301 456
675 327
460 392
628 301
370 749
561 348
923 405
728 763
344 708
509 150
935 926
737 115
422 823
59 966
444 551
284 780
606 655
662 173
573 606
816 253
526 48
8 805
171 275
889 522
413 242
141 803
959 347
561 792
183 258
860 268
369 367
47 738
376 657
621 569
52 340
996 163
859 253
536 136
61 627
833 474
778 333
159 822
950 583
129 743
96 894
699 597
651 550
344 296
52 25
100 531
660 728
169 835
632 783
597 259
322 355
714 545
821 843
368 493
313 604
356 518
625 203
19 430
492 662
411 191
126 519
256 955
611 153
334 976
101 971
639 335
641 868
770 896
933 500
827 593
184 717
466 331
620 104
822 980
164 6
904 597
562 433
909 220
947 345
568 546
326 886
438 860
991 608
461 725
978 321
64 257
653 215
177 230
970 813
789 503
437 4
282 363
908 491
286 275
125 281
269 607
453 258
71 855
591 423
703 888
483 835
358 385
327 850
851 256
217 583
530 939
508 357
327 995
113 595
133 678
171 383
396 900
863 834
167 971
8 592
65 641
802 38
417 12
276 833
793 473
200 440
584 498
877 691
695 454
556 904
647 355
8 285
562 860
608 339
446 499
359 918
775 365
630 567
233 749
616 65
696 89
576 767
276 645
354 229
338 798
969 896
161 579
880 293
623 503
455 417
645 241
670 604
930 761
592 504
97 958
866 949
888 927
28 260
395 523
677 177
273 171
58 963
97 815
615 613
504 791
845 489
710 187
197 106
951 679
623 826
10 817
743 257
639 240
269 784
698 642
145 258
93 204
789 410
651 393
689 862
817 648
690 497
432 449
126 255
953 673
845 713
221 217
41 595
392 943
230 9
641 268
14 830
399 564
537 467
284 884
91 354
160 170
258 615
929 506
295 31
409 610
768 983
966 974
147 274
461 142
32 442
985 556
603 493
993 733
12 879
824 349
398 304
73 879
440 102
688 316
260 409
138 981
878 3
789 530
792 362
497 36
242 327
65 824
502 791
251 21
735 303
131 437
464 698
321 71
804 916
762 484
702 15
868 275
943 291
467 474
237 485
675 664
143 683
364 330
460 541
292 912
490 616
753 934
113 455
406 314
279 40
961 177
155 230
448 108
356 685
322 589
967 383
164 376
192 97
487 26
771 33
847 173
67 796
454 789
446 773
931 679
839 982
71 616
131 815
460 929
135 975
942 37
301 483
418 705
429 750
865 40
22 455
996 790
651 437
317 665
600 299
943 581
580 866
970 869
645 843
707 618
580 484
991 29
922 371
872 570
10 361
80 447
837 354
771 522
599 686
186 409
189 838
127 444
464 203
405 235
332 850
205 220
81 86
546 248
949 237
404 310
890 663
997 209
821 35
968 937
510 848
280 183
596 997
544 648
541 276
798 813
397 620
473 510
146 428
287 779
989 926
167 326
596 852
703 144
743 935
83 560
928 134
91 552
511 739
635 151
104 333
621 408
751 757
40 981
350 182
100 921
692 197
929 669
431 817
164 446
378 943
800 174
748 172
431 128
368 160
888 983
481 391
959 702
198 36
553 59
884 515
689 8
213 937
81 699
995 763
135 930
908 226
692 569
876 302
620 386
236 653
364 474
496 546
874 283
610 369
405 473
941 247
836 979
267 456
620 954
951 34
662 51
646 596
277 31
559 186
822 309
271 561
560 868
258 875
120 219
214 549
551 606
453 591
76 574
612 600
798 333
617 42
106 357
314 374
315 531
580 13
397 861
328 646
116 557
484 9
836 294
124 496
788 193
759 686
116 604
726 285
708 888
471 754
642 666
666 770
220 946
233 756
635 551
962 255
599 246
161 119
363 630
471 611
934 377
649 511
337 635
730 242
804 861
777 826
803 866
610 540
296 460
14 90
993 420
271 425
131 282
60 428
834 199
810 364
61 54
743 574
874 699
106 705
141 296
87 774
678 175
536 756
683 519
26 270
120 605
869 848
563 221
430 484
343 797
805 56
754 656
829 162
652 349
563 74
691 129
127 11
827 961
115 595
904 598
944 611
121 230
429 229
693 936
451 565
608 720
532 955
202 289
240 756
760 589
995 612
448 993
106 133
287 104
895 391
552 503
742 318
304 224
927 408
470 733
396 720
54 796
37 706
612 798
295 546
427 746
157 541
659 839
471 253
976 577
404 170
498 317
428 698
950 117
333 77
744 124
528 859
354 719
143 417
871 546
713 576
495 318
388 900
985 576
312 150
242 107
354 529
991 55
468 537
972 985
630 645
262 663
213 459
358 812
911 14
878 471
895 332
670 434
243 732
393 294
588 24
769 914
777 66
131 489
30 941
630 470
527 252
910 236
36 697
313 3
203 344
611 39
459 818
689 657
134 782
784 683
303 909
342 621
515 813
64 976
409 410
429 807
636 577
965 885
108 234
71 502
323 837
316 511
913 875
382 872
426 974
118 678
637 910
14 541
178 903
457 128
573 306
576 90
944 670
482 565
945 171
768 620
898 227
382 703
727 594
819 543
569 880
116 148
291 406
864 436
576 376
558 440
923 717
943 646
860 32
733 814
883 193
21 82
314 204
693 576
289 794
487 923
98 836
828 565
985 123
851 396
548 468
950 448
627 117
845 150
295 333
483 429
637 20
621 623
512 429
930 116
162 234
825 922
826 325
683 340
7 918
122 742
564 497
512 92
803 591
988 593
80 62
225 955
427 291
91 862
368 761
440 214
95 894
564 279
35 963
930 457
860 650
899 554
113 11
574 136
725 260
427 449
817 889
455 503
39 756
194 383
123 335
142 199
625 1
387 252
981 204
675 785
308 639
14 445
644 28
540 93
210 600
597 28
834 446
268 312
586 271
269 81
252 783
92 596
922 781
870 591
729 132
625 508
774 897
60 41
460 851
274 660
121 45
10 677
433 42
714 397
953 851
537 652
595 386
64 330
986 336
653 286
988 211
292 842
167 590
877 479
940 846
48 222
528 72
949 552
624 481
932 314
835 417
600 586
374 885
962 492
964 122
340 828
159 280
807 313
794 729
165 846
138 5
513 119
994 852
777 938
228 140
946 979
200 399
307 567
588 412
950 351
642 516
707 54
670 78
46 868
719 406
109 272
401 479
465 359
354 473
975 809
209 442
125 614
196 596
635 825
599 322
967 567
342 233
753 150
271 295
517 219
743 823
468 823
216 264
696 18
606 501
143 281
455 475
226 993
601 155
530 233
144 948
419 853
312 650
352 951
4 192
723 680
522 517
340 216
213 854
628 875
4 343
723 537
631 864
889 257
835 871
331 388
832 239
596 376
871 262
117 811
897 549
326 249
643 201
960 67
265 871
396 463
434 790
608 565
787 742
729 571
748 369
144 399
642 386
365 959
701 677
633 215
548 40
144 286
2 916
149 995
225 325
603 616
604 455
950 255
914 833
555 653
93 838
132 874
461 994
214 570
152 148
436 736
93 759
686 404
263 317
525 554
950 584
987 151
751 374
219 1
293 778
20 86
190 386
376 548
470 882
733 568
994 888
777 966
428 418
769 378
819 706
151 642
359 799
33 39
473 424
751 965
384 695
81 339
869 266
159 816
950 581
366 268
167 357
80 149
669 995
138 637
913 433
324 768
256 736
294 104
504 688
891 44
449 40
74 718
806 23
644 182
293 416
450 771
725 429
28 179
53 608
471 817
899 768
256 782
645 300
795 211
218 487
529 259
947 12
388 496
962 791
338 493
351 749
141 78
566 977
809 188
316 468
101 858
32 515
328 442
274 576
611 889
301 409
283 690
837 231
465 424
275 770
511 312
439 15
277 336
225 135
295 713
980 273
395 173
838 211
73 475
1 278
202 689
576 494
116 479
102 94
750 794
107 756
756 239
435 26
161 321
894 85
362 970
642 136
241 651
722 90
851 258
360 771
436 977
287 798
332 949
997 933
584 22
620 716
322 415
859 256
651 952
592 332
802 36
513 959
290 496
955 526
1000 245
301 656
512 113
233 37
575 190
375 132
431 662
34 892
165 454
632 591
464 321
875 447
920 507
476 876
185 361
408 66
260 125
99 431
482 317
7 736
781 525
53 418
554 409
313 525
276 647
155 510
639 702
108 438
435 30
704 634
352 896
792 605
476 514
669 670
353 298
777 593
877 279
182 759
662 717
754 546
847 707
500 478
924 328
487 240
344 834
364 381
239 883
496 653
403 843
869 981
354 809
787 689
916 71
974 621
512 836
729 450
213 721
549 899
201 57
420 285
738 368
999 123
382 75
20 714
537 288
98 514
432 82
968 356
101 306
528 252
361 93
827 424
137 588
390 110
214 610
840 13
56 636
882 440
205 421
868 763
850 922
355 520
197 513
112 999
385 415
522 200
834 678
732 610
158 244
560 410
869 96
7 913
964 436
677 829
125 976
882 137
734 945
62 114
838 915
765 657
713 814
955 889
351 16
192 679
134 574
967 202
678 955
260 224
354 135
320 283
946 451
722 443
770 693
218 630
216 627
188 258
133 399
84 339
534 988
106 759
939 290
945 258
448 110
52 608
145 450
828 193
313 884
312 746
762 77
356 830
675 590
13 75
895 235
491 209
221 488
24 860
758 177
139 490
50 208
748 511
383 340
485 458
41 915
795 342
500 208
500 221
340 377
568 988
608 665
36 146
745 528
379 894
625 573
125 366
16 238
367 273
701 753
280 787
33 621
569 915
914 858
859 264
577 956
11 50
606 986
289 692
456 195
457 622
81 170
651 226
355 978
431 778
640 324
51 799
983 190
52 460
813 321
717 494
295 88
228 141
229 212
893 173
989 762
722 471
672 911
472 998
713 744
12 224
892 589
113 980
367 939
996 25
778 340
742 621
981 683
355 28
510 358
934 339
941 793
29 383
179 270
911 65
750 219
678 852
237 508
535 949
97 681
167 465
485 766
714 520
899 918
645 166
230 990
861 246
964 876
912 702
744 654
154 881
109 996
917 855
899 180
499 952
502 317
503 748
107 207
416 552
92 569
681 12
369 712
782 786
788 843
957 312
67 663
637 968
304 408
875 83
178 385
477 147
336 777
103 121
128 517
708 354
225 235
45 960
136 868
746 863
215 496
162 764
715 968
331 963
704 359
172 453
712 850
180 968
698 781
508 280
763 50
324 431
73 745
755 965
25 846
499 131
289 847
744 859
16 519
458 968
20 87
739 22
557 216
372 546
401 664
328 648
574 613
99 583
39 791
67 229
711 692
164 905
42 897
493 195
537 569
868 913
480 946
781 774
85 393
846 1000
631 402
963 844
992 431
381 767
129 740
829 651
424 417
924 161
377 476
156 219
643 731
717 982
158 59
8 66
834 82
765 970
852 946
571 714
70 787
975 645
882 473
649 821
204 973
725 29
446 534
416 709
571 651
183 577
84 176
50 438
934 906
185 162
447 813
400 88
623 912
844 611
919 205
245 474
597 821
75 301
503 790
396 492
491 822
368 905
69 399
631 538
784 13
583 407
491 967
168 482
426 778
926 695
439 812
22 380
923 739
262 132
729 816
253 178
261 621
832 551
211 674
856 56
305 409
279 869
361 130
107 930
811 800
792 746
930 110
453 828
539 954
383 469
651 776
470 654
584 501
68 686
945 419
960 772
670 135
564 398
51 629
314 569
773 134
446 502
907 576
178 592
674 845
656 832
489 913
534 801
591 545
646 303
460 278
852 752
212 663
375 421
160 58
895 690
930 530
91 530
766 622
42 178
812 978
503 257
14 52
625 27
878 311
89 568
761 555
637 163
143 799
772 247
994 419
446 562
766 903
565 472
435 421
307 456
438 610
259 109
80 702
173 399
429 805
445 645
74 84
193 610
378 686
698 641
308 853
607 339
249 834
225 99
233 478
805 828
831 828
79 59
279 453
544 655
28 715
980 245
296 808
824 949
749 800
992 123
153 479
962 863
963 426
408 803
603 595
163 850
510 383
771 531
976 559
940 906
889 598
837 286
716 929
275 733
591 291
977 395
176 182
306 809
823 844
440 267
919 909
884 334
6 46
357 458
452 466
860 503
823 765
204 371
439 756
189 513
324 187
757 903
814 116
927 579
825 9
90 415
635 942
602 221
394 422
603 140
217 889
915 248
368 763
845 327
395 230
740 99
961 330
863 376
855 786
90 408
501 418
910 428
843 590
327 42
700 576
198 90
373 664
744 772
506 59
683 931
499 814
270 753
522 623
709 943
800 133
715 18
183 536
866 154
801 557
822 345
666 741
434 566
192 100
139 29
912 365
456 697
748 901
572 223
168 13
795 440
56 596
767 781
210 22
836 619
218 420
766 748
948 889
474 948
495 990
301 113
874 181
548 54
70 438
589 670
291 39
742 433
148 420
386 273
686 156
665 610
658 709
642 222
737 196
386 384
775 926
867 841
569 515
736 28
129 162
84 269
168 728
741 261
211 602
693 418
174 497
174 120
628 137
301 565
87 100
695 357
155 972
871 612
655 907
379 298
493 222
355 773
483 344
963 962
466 662
954 643
351 337
372 796
946 819
484 886
360 828
436 241
186 984
547 935
865 818
60 532
800 963
62 481
251 272
143 648
701 192
192 930
339 693
640 986
420 146
888 986
736 157
283 394
35 573
507 744
515 871
115 715
813 630
419 582
374 376
250 314
268 429
328 384
535 489
496 726
226 291
745 721
46 14
66 728
827 791
611 940
460 960
634 279
197 243
382 49
240 602
192 413
799 234
694 468
896 539
658 662
399 760
921 120
599 617
33 520
734 125
2 919
254 503
521 581
443 381
742 115
101 329
861 351
37 781
508 70
613 494
608 226
916 155
275 277
37 926
556 130
349 924
831 264
432 968
289 945
381 299
902 45
890 839
981 620
564 516
988 693
988 612
593 28
455 137
977 253
138 793
81 337
400 768
766 631
848 253
596 875
958 118
742 665
411 785
711 362
87 588
768 478
403 373
637 764
778 683
691 710
194 306
958 878
36 561
623 479
881 212
386 704
681 491
80 437
214 181
178 798
291 581
91 727
330 933
916 940
386 883
574 128
957 8
838 277
455 735
283 406
993 492
112 196
679 716
247 472
187 754
334 583
335 426
871 292
265 816
675 521
749 648
995 536
410 142
528 357
857 735
822 603
739 925
222 939
562 60
746 801
619 53
989 91
940 641
651 510
161 62
796 765
525 281
556 433
439 815
480 420
873 967
301 202
345 874
629 790
758 698
620 703
90 990
841 830
436 710
537 21
835 341
831 479
941 267
929 323
732 822
30 753
261 270
390 162
854 647
51 854
342 363
699 918
678 686
794 910
950 261
425 414
996 67
246 614
962 175
549 586
618 733
379 67
843 752
663 301
539 731
62 84
815 638
686 882
66 11
428 678
394 530
274 60
294 59
30 575
744 922
318 141
545 223
449 34
223 933
769 919
613 696
528 886
925 748
857 206
416 772
296 314
739 238
366 998
677 300
835 457
317 205
49 567
486 716
72 656
716 39
680 879
753 783
496 304
279 113
641 836
630 102
596 178
31 897
516 275
99 63
154 124
582 20
527 701
864 361
666 467
727 766
534 90
420 366
684 723
7 446
728 695
693 683
505 514
732 199
645 147
419 174
442 21
116 172
48 132
124 631
418 10
770 343
111 875
538 811
922 394
797 578
618 125
391 829
750 534
312 488
77 152
742 138
944 221
765 107
160 649
793 561
99 561
967 640
15 279
586 753
97 613
437 417
720 323
158 261
324 533
474 166
777 877
213 379
160 889
345 742
487 615
846 545
62 112
297 78
363 563
795 974
506 457
35 853
968 766
455 496
467 478
618 866
178 855
683 930
669 483
175 927
548 411
682 342
667 470
856 413
433 508
416 526
610 148
529 644
657 134
210 485
781 154
614 470
481 202
541 836
410 198
748 264
714 392
552 35
248 26
376 79
72 840
120 84
366 985
850 90
45 252
673 691
763 939
233 100
508 314
816 385
903 117
617 782
447 393
674 351
712 22
585 360
28 662
11 274
609 739
497 777
495 258
52 375
533 490
423 246
906 156
344 185
159 712
33 137
640 415
398 387
825 149
129 670
385 820
887 211
730 26
678 842
826 553
166 62
792 505
908 855
815 423
104 433
473 156
317 19
504 518
456 873
218 584
829 440
892 833
377 489
840 975
83 424
148 918
973 889
594 725
741 179
437 300
746 552
840 685
72 567
680 40
60 825
519 935
461 603
308 117
136 520
102 343
436 34
213 550
141 265
288 707
625 622
787 747
150 57
922 14
27 686
728 849
505 728
657 299
40 307
405 485
173 9
304 248
659 958
720 816
101 487
230 213
965 142
778 288
813 74
137 569
110 510
723 293
798 177
926 394
216 909
858 452
567 492
698 109
661 103
183 487
21 504
300 321
603 440
992 808
475 813
556 18
337 387
516 619
389 218
402 768
425 417
498 217
47 606
229 839
622 230
380 213
648 967
686 855
449 468
602 146
362 86
787 508
420 755
828 354
664 369
833 334
355 30
341 95
532 296
208 821
810 54
355 111
621 120
714 554
53 508
237 367
184 261
773 100
423 734
222 762
134 663
636 859
325 988
273 49
806 101
493 662
463 834
100 520
196 847
412 668
820 257
2 384
717 647
922 721
732 696
783 556
770 925
2 307
886 433
559 21
550 376
753 588
944 615
709 297
196 764
571 472
130 30
232 680
486 109
570 633
686 106
118 632
211 326
358 43
766 436
658 763
515 418
167 531
185 971
461 818
818 501
656 472
660 496
755 818
43 414
98 863
776 76
642 822
368 789
977 429
318 743
530 823
12 610
592 516
557 314
371 859
815 938
604 891
96 578
426 223
63 6
319 104
803 599
255 878
751 117
592 802
521 490
812 287
137 17
950 693
114 429
385 707
778 362
105 566
839 46
289 303
536 792
647 636
123 54
565 147
252 658
473 171
458 305
406 561
820 295
714 590
290 802
866 261
799 737
192 892
134 883
545 898
322 499
752 356
550 43
329 437
482 141
815 189
108 87
253 508
992 578
368 236
173 397
635 302
249 95
984 486
13 36
532 768
516 141
330 184
719 390
378 990
350 319
981 391
984 428
838 16
16 487
903 17
154 125
504 250
953 827
503 528
634 332
205 863
197 202
864 473
365 900
205 751
577 548
519 87
588 666
590 802
708 361
547 173
31 452
822 497
58 98
422 963
162 207
647 254
855 379
638 121
475 119
320 948
462 371
820 577
603 371
217 556
896 145
419 540
519 81
449 705
391 738
309 119
453 805
60 957
741 82
815 831
543 748
730 997
124 52
860 608
826 304
761 905
561 517
928 256
267 702
8 734
114 465
422 30
503 193
780 656
968 767
878 358
290 983
222 266
613 731
544 446
411 73
70 718
587 496
435 127
368 42
939 575
406 873
696 344
291 540
808 370
113 506
297 243
529 456
641 822
79 842
818 998
835 796
641 935
89 738
719 410
5 773
406 25
690 172
762 446
601 383
72 619
166 697
560 640
667 868
704 69
432 275
433 46
322 21
73 7
954 463
538 251
757 501
741 976
244 216
563 676
893 757
784 87
569 807
970 878
974 878
499 394
391 2
569 912
16 880
568 829
76 640
884 31
817 98
983 853
736 30
183 365
722 33
315 669
813 246
427 839
885 208
177 668
825 157
608 216
242 890
974 443
138 1
725 657
485 214
124 378
803 305
733 976
81 73
394 358
894 733
845 7
168 903
525 885
74 869
298 109
815 576
319 817
303 412
802 333
476 928
777 25
173 896
890 626
446 396
144 650
74 583
330 685
407 291
924 207
913 346
880 275
660 689
476 710
931 770
384 298
687 856
246 504
193 236
209 638
472 37
938 23
166 281
888 877
429 475
213 850
752 172
330 30
645 325
696 483
370 946
685 97
136 698
670 955
984 478
892 767
16 400
782 220
266 600
247 661
178 444
417 732
556 394
735 736
885 19
796 612
267 382
69 38
54 666
951 392
98 598
301 83
624 434
300 141
121 408
200 9
842 472
519 362
750 604
902 257
171 265
910 780
122 79
370 171
263 334
821 352
474 125
20 193
683 259
169 41
924 623
906 46
746 417
910 558
345 456
315 653
400 595
208 48
123 207
823 596
220 911
229 983
202 215
754 118
919 522
846 542
743 966
876 685
998 885
13 635
255 568
222 93
455 42
493 883
406 260
682 13
443 531
192 785
710 439
179 13
348 620
990 967
104 786
13 174
469 31
916 797
222 252
683 634
26 267
299 885
639 373
92 536
398 587
112 198
790 345
80 868
340 478
468 267
70 67
399 907
662 775
29 239
339 30
379 989
140 21
748 450
605 327
828 490
280 688
767 649
283 551
602 779
948 819
182 299
279 531
858 788
841 962
684 376
442 127
560 950
462 122
606 173
453 867
634 458
163 187
699 93
24 339
23 671
194 543
312 462
665 462
210 277
393 819
690 523
329 234
664 146
681 852
996 367
264 544
580 110
565 734
826 170
369 269
976 243
205 159
25 585
561 911
878 254
219 271
204 473
920 986
685 550
601 539
712 412
252 461
273 720
492 476
937 633
273 610
544 693
583 748
285 809
994 749
264 124
997 502
854 65
808 633
40 515
709 807
564 94
948 189
92 815
401 86
112 121
243 961
83 532
209 817
820 375
325 959
970 292
465 820
448 6
468 73
469 496
456 561
697 597
355 505
821 764
809 156
4 442
904 744
580 857
266 641
321 554
819 471
535 19
239 626
889 31
464 397
448 851
177 171
268 198
163 488
24 561
125 326
783 854
809 463
500 926
282 329
600 452
177 405
295 185
850 116
29 561
581 996
763 897
881 476
551 652
167 647
592 905
746 180
741 383
381 352
8 298
424 883
391 733
318 482
691 836
709 116
121 908
515 224
769 678
427 708
775 392
844 665
925 412
254 83
530 476
713 978
915 106
347 636
223 193
78 764
913 444
213 91
548 996
18 27
200 842
95 27
226 982
977 630
598 102
601 130
327 102
990 780
829 402
961 26
853 28
965 562
222 37
169 447
170 640
687 933
908 918
196 896
396 194
568 275
802 937
188 124
634 28
784 795
434 924
386 91
136 622
163 225
231 15
107 5
953 997
398 690
58 707
573 224
315 208
830 657
687 360
581 277
202 354
700 229
67 544
874 10
987 627
954 360
63 564
618 189
620 995
698 885
701 638
872 544
124 661
854 235
362 782
401 918
555 565
257 490
755 773
393 762
929 408
90 998
946 399
580 23
278 498
546 131
418 270
981 16
77 11
115 360
184 457
873 180
209 823
972 824
82 562
46 873
768 215
271 12
705 524
78 574
449 462
826 580
60 672
646 347
337 529
946 641
305 587
492 187
937 450
496 190
835 447
229 660
36 536
406 766
285 563
736 947
436 385
535 663
95 140
460 575
99 201
887 352
134 824
913 123
956 831
577 54
259 38
781 132
430 466
934 866
386 908
614 662
69 259
508 805
329 174
349 51
975 227
406 58
728 932
175 491
855 697
418 652
171 415
455 939
314 845
611 977
723 235
214 994
31 232
923 940
718 434
258 404
775 729
978 487
687 509
965 251
750 771
220 38
335 791
48 255
139 8
15 917
219 870
370 454
298 635
206 915
334 196
745 163
581 845
508 207
399 264
238 288
241 460
349 921
391 660
910 956
712 131
973 100
191 59
341 906
752 815
309 172
534 575
811 230
741 105
778 485
169 355
376 670
397 569
203 886
848 97
406 969
152 664
579 211
616 660
146 394
372 994
946 677
506 412
659 56
612 248
481 618
28 25
437 603
574 580
338 708
336 866
835 552
965 633
543 637
273 55
592 275
117 227
88 306
961 194
895 841
400 190
102 541
94 40
74 408
339 963
302 181
142 418
715 428
936 431
709 646
46 74
97 230
81 665
608 734
819 363
330 534
754 876
297 629
154 150
641 648
880 986
90 480
476 13
335 890
675 181
770 479
393 592
563 524
233 145
451 230
915 695
186 121
650 648
449 985
157 392
729 933
788 286
37 814
885 554
322 968
428 349
712 80
877 539
332 144
940 343
835 59
546 58
747 871
731 361
218 91
726 307
996 812
158 756
535 795
369 110
276 942
740 75
703 65
907 580
69 869
51 486
915 81
368 290
556 677
647 638
913 712
327 66
862 595
853 150
781 409
450 651
17 500
218 415
792 674
5 347
339 641
286 920
622 828
922 640
458 261
504 943
66 229
979 446
521 33
100 701
212 87
679 749
294 597
960 17
139 404
716 681
430 117
767 436
1 427
278 57
122 886
699 301
2 55
408 225
84 879
489 249
567 786
804 96
328 185
202 734
280 828
832 889
409 984
743 109
509 87
98 910
695 127
737 301
738 734
188 739
627 202
112 909
780 942
910 965
778 547
896 147
402 676
339 747
684 18
816 922
979 566
873 223
964 290
68 895
626 769
394 467
329 906
293 559
385 700
207 937
372 772
963 891
485 483
177 818
342 84
548 775
697 75
535 831
916 291
488 862
481 944
613 999
544 722
289 457
695 705
494 386
868 139
173 811
643 773
713 930
678 956
829 288
332 376
761 602
863 163
397 436
109 874
346 556
198 136
193 370
353 472
616 322
448 500
231 475
88 923
14 391
400 375
311 579
956 788
635 351
827 306
895 769
587 208
145 453
258 252
465 928
36 792
966 52
606 95
112 271
44 604
170 931
179 915
678 459
580 717
710 952
322 921
966 470
831 860
244 218
686 49
874 177
379 885
819 720
737 111
791 398
353 870
210 41
471 411
266 791
984 512
549 424
185 925
991 839
259 795
254 817
789 10
917 69
132 771
462 290
582 563
8 537
682 689
992 377
751 201
219 424
20 47
95 533
815 876
66 317
236 284
802 105
312 229
646 62
812 338
800 650
525 883
768 168
532 49
401 465
340 807
631 389
333 706
834 937
18 346
695 692
522 858
838 604
264 934
809 215
697 464
921 964
459 5
322 279
235 730
307 249
92 865
199 63
5 986
373 888
279 303
28 165
764 383
456 876
41 54
136 350
251 389
658 191
502 310
248 380
753 724
995 659
597 939
304 526
819 481
953 919
477 647
370 771
888 700
631 668
121 211
504 197
305 948
503 777
624 214
723 234
854 385
780 419
909 769
163 419
183 60
903 295
335 244
927 429
877 800
1 189
111 718
206 246
558 395
262 324
618 158
819 605
418 990
150 393
462 399
546 450
730 615
309 280
532 239
828 516
522 427
483 525
565 599
970 821
15 682
146 967
128 70
383 792
102 752
820 571
161 130
566 451
695 325
495 291
354 661
859 68
806 589
54 486
321 373
843 712
91 879
189 438
885 905
835 380
397 649
812 596
725 341
838 988
514 958
342 249
883 526
955 932
958 453
464 633
356 447
639 640
181 564
353 875
739 246
44 992
481 730
264 160
866 239
408 811
481 331
611 650
908 968
891 768
138 575
914 777
678 166
45 603
438 75
653 924
144 560
70 54
564 960
819 509
178 463
400 93
473 697
187 359
903 613
64 490
652 299
11 693
712 518
361 696
306 363
789 398
296 813
970 853
115 886
440 630
975 484
906 573
672 951
948 940
803 28
508 270
492 907
201 498
572 711
83 616
780 820
434 297
529 764
968 44
508 381
276 107
498 391
116 874
63 813
928 682
508 624
37 958
483 438
524 384
608 369
42 379
974 352
902 13
445 622
247 294
76 852
643 911
294 349
186 698
5 134
936 995
617 374
321 337
910 699
52 167
139 836
901 476
815 634
686 886
393 205
657 616
861 285
808 748
769 634
498 986
7 734
659 87
554 387
167 404
193 57
356 595
657 906
450 648
469 156
625 30
499 857
778 986
630 344
155 18
377 422
268 275
752 246
625 376
313 866
736 368
359 419
714 190
148 824
518 810
192 140
799 507
309 875
861 174
704 693
631 580
266 542
2 512
514 232
954 483
831 827
617 619
690 489
127 778
457 794
75 679
153 49
232 534
648 707
920 104
614 155
870 113
914 899
868 530
173 494
766 177
253 450
828 972
678 482
821 309
823 843
113 704
405 990
228 151
844 564
11 379
660 100
879 80
96 609
686 688
198 842
823 617
100 56
906 375
954 779
449 480
87 274
8 289
373 577
725 668
655 193
402 105
477 547
39 284
99 497
262 517
691 661
998 819
514 870
454 797
511 836
863 499
338 762
624 751
40 880
387 229
642 395
943 408
835 739
424 126
558 577
361 965
326 5
406 234
4 265
244 918
689 1000
465 935
762 87
83 139
507 688
770 832
681 427
545 500
649 581
466 267
987 855
70 137
643 99
23 797
995 596
68 506
35 243
823 378
36 152
275 832
318 870
391 238
451 387
48 45
850 532
206 155
48 213
696 813
681 615
193 909
638 9
362 780
257 488
985 886
401 805
718 16
219 427
864 804
367 211
463 721
371 788
579 475
377 855
61 79
604 830
589 174
803 957
121 942
307 941
703 177
437 306
422 430
722 608
315 858
310 723
26 894
707 349
672 933
574 911
360 935
869 753
713 31
643 626
98 207
886 796
599 441
217 235
952 882
346 513
761 486
977 737
579 565
502 132
765 770
804 662
930 825
607 99
549 396
577 52
396 224
413 821
183 744
149 552
723 911
592 215
139 590
287 350
737 831
793 765
749 560
933 313
365 807
719 232
461 552
170 791
597 652
456 440
510 79
193 60
980 520
802 599
729 685
383 596
479 488
645 919
561 420
466 160
932 325
736 78
96 237
116 224
783 99
953 636
659 672
128 168
929 667
101 197
229 16
410 666
582 540
556 303
708 405
281 623
194 984
546 165
582 687
987 29
474 120
57 464
613 203
872 331
102 576
565 872
678 569
366 53
907 95
595 705
134 335
582 841
132 292
221 836
717 895
928 31
902 979
153 612
865 849
42 216
924 46
782 180
695 953
633 606
728 326
731 589
227 314
501 135
140 419
213 883
142 305
101 23
253 385
47 508
640 810
2 271
312 429
3 122
527 881
813 597
761 220
729 382
14 670
550 380
308 895
974 536
905 747
710 118
641 541
538 143
316 305
482 553
581 235
728 817
231 934
107 348
127 785
645 890
996 726
248 86
417 479
418 880
663 650
996 677
245 98
409 883
124 616
966 569
662 326
449 991
632 154
25 812
445 651
46 602
265 135
43 176
149 439
10 11
570 209
966 874
309 29
294 451
807 220
246 968
584 507
821 498
642 711
772 554
494 138
122 293
208 446
315 950
848 79
544 712
946 756
713 827
878 479
839 778
156 498
262 542
47 860
70 599
324 867
406 565
801 889
227 120
528 875
52 885
951 875
458 140
770 603
826 975
296 206
723 617
117 314
212 482
490 652
397 112
808 297
93 289
240 987
773 725
500 293
467 148
970 957
918 301
493 106
292 19
28 547
934 592
567 924
452 727
382 144
884 754
116 356
559 410
301 502
413 732
71 524
662 913
392 969
358 120
788 623
40 271
774 590
406 964
638 131
144 349
842 396
935 601
576 368
560 853
228 547
512 744
898 285
521 846
684 494
461 931
73 54
929 497
72 414
385 359
793 354
9 435
48 487
589 312
594 398
261 365
869 24
135 324
48 374
11 378
876 976
950 331
297 702
534 522
958 838
704 865
661 558
670 90
432 612
952 283
309 226
406 772
564 360
512 195
911 197
180 113
695 594
989 182
542 725
639 869
808 713
156 42
335 284
188 471
17 325
842 343
754 268
216 163
17 470
168 429
334 887
498 673
597 179
911 697
1 890
724 298
159 170
126 580
951 621
538 434
701 70
518 900
117 399
227 707
912 355
933 435
1000 848
748 502
452 715
884 726
831 969
841 228
157 778
563 827
620 824
13 294
35 242
58 689
941 138
546 730
845 622
324 984
370 590
580 493
945 88
663 577
864 104
205 352
810 898
451 200
48 165
301 781
230 189
34 136
17 472
404 106
244 361
907 117
121 738
430 706
717 278
898 400
936 707
483 608
656 706
253 342
401 693
487 597
223 610
902 59
650 416
229 221
655 913
638 891
786 544
843 593
940 281
190 200
727 35
910 705
255 802
162 483
332 41
958 205
56 610
134 499
542 396
268 769
713 866
255 947
825 152
14 795
403 494
868 398
610 783
852 711
155 657
899 526
457 11
39 259
627 519
38 257
568 468
736 950
535 656
259 397
740 754
861 847
62 450
302 337
912 417
584 862
952 994
240 916
153 515
636 530
13 23
732 721
17 220
348 682
511 46
39 839
539 195
335 476
121 96
763 401
903 866
268 427
179 832
145 304
93 154
849 804
131 997
206 427
931 582
598 589
417 720
126 322
552 117
406 168
62 798
253 837
664 766
594 899
334 446
566 86
338 477
923 945
845 530
547 152
278 227
694 345
491 766
347 236
929 456
548 310
660 328
788 261
71 907
510 441
168 698
171 269
63 779
604 253
309 407
935 327
183 482
741 436
318 351
279 975
107 844
539 983
756 343
793 459
599 939
945 512
638 663
933 755
259 924
260 355
298 954
462 585
764 217
748 694
68 704
492 500
579 212
820 202
12 959
626 41
406 7
77 671
512 496
47 955
692 396
14 176
327 91
22 655
298 367
373 681
319 567
51 173
735 255
647 821
227 428
49 956
585 706
786 587
142 135
937 221
919 341
744 721
502 225
895 842
218 728
353 375
705 218
834 510
620 467
657 95
53 849
691 919
705 331
138 829
710 228
503 894
343 901
611 865
227 616
586 33
897 650
145 685
331 646
888 329
284 444
836 937
672 602
568 923
529 129
296 702
228 697
248 87
727 577
174 323
515 261
277 352
525 356
571 266
72 20
860 85
438 487
690 692
506 793
827 501
242 815
656 763
31 269
418 194
65 671
17 796
597 594
269 764
884 480
47 648
160 996
33 106
252 90
859 162
306 621
241 207
773 382
704 949
177 779
713 681
8 263
716 463
419 931
65 219
816 573
450 357
346 676
38 54
276 655
795 873
722 843
282 588
501 376
143 455
435 102
700 896
686 152
653 732
800 112
13 893
37 119
311 632
667 448
795 183
911 725
475 344
204 639
279 143
541 600
744 604
16 333
35 507
142 445
72 210
4 422
317 937
883 652
79 915
874 457
359 131
197 36
97 523
127 30
93 115
679 972
956 183
652 88
871 36
193 645
875 929
676 86
418 802
668 248
477 325
150 341
784 255
689 37
287 964
239 319
888 67
742 418
120 173
46 661
842 480
328 922
582 424
557 119
261 586
98 892
281 260
300 480
37 834
910 857
675 244
966 523
304 832
850 914
445 686
172 170
759 857
747 550
578 142
794 335
897 195
534 335
973 497
559 831
858 296
768 80
788 19
627 493
590 227
759 760
760 714
442 808
122 751
642 814
950 799
976 98
564 361
56 64
40 709
807 55
647 718
63 263
928 372
964 120
234 947
915 110
666 808
313 448
647 853
299 757
321 93
85 172
126 792
154 628
316 848
942 516
731 519
263 878
635 483
340 205
565 404
952 967
662 630
914 196
835 882
361 971
92 557
389 261
631 772
961 824
203 279
434 920
587 162
861 799
362 732
353 40
463 39
585 837
553 487
714 35
680 111
865 181
410 192
63 153
69 77
457 171
888 385
409 8
83 225
232 155
858 857
654 534
89 816
992 175
115 816
742 511
998 85
49 98
427 8
72 221
110 629
884 100
666 211
244 507
512 757
675 3
328 654
751 500
823 907
534 346
168 735
543 24
11 187
909 734
931 378
607 897
637 94
153 959
299 21
293 639
742 906
393 41
525 880
214 211
553 843
570 875
627 374
55 993
591 723
498 830
427 262
502 734
394 581
938 369
511 516
312 966
939 227
137 189
722 472
843 783
146 53
152 606
463 598
820 21
571 921
493 795
973 529
80 448
868 313
193 231
433 560
435 94
576 928
459 868
546 662
795 206
958 270
83 720
688 365
174 761
692 894
311 416
973 883
587 241
810 400
188 28
944 994
1000 830
70 88
594 520
809 216
663 45
741 797
245 462
102 329
36 47
196 277
359 203
37 579
524 91
304 326
61 632
379 786
414 375
162 756
54 782
366 524
196 316
499 109
908 329
840 367
146 800
257 89
689 126
489 464
346 363
733 877
898 450
223 675
975 720
957 869
318 717
745 167
438 314
572 541
189 721
315 922
447 137
218 67
533 264
975 871
172 912
726 299
449 317
879 251
252 277
578 389
18 245
670 333
963 709
857 330
367 693
316 937
686 129
193 82
321 5
263 926
501 479
535 582
469 374
735 15
627 910
610 532
562 322
155 184
654 146
857 774
452 622
622 518
770 919
724 272
444 154
469 569
842 37
18 547
420 403
573 179
852 126
653 123
430 322
475 421
519 534
277 359
297 633
214 770
287 82
550 604
440 827
974 824
405 3
548 117
254 146
177 480
242 586
349 678
581 11
332 559
902 343
321 989
408 957
346 335
92 213
834 552
279 893
708 17
713 345
430 763
16 603
221 643
733 994
129 796
774 172
449 767
546 199
953 426
882 367
994 789
723 365
78 344
561 898
302 972
543 758
546 54
693 133
694 870
18 511
401 525
458 758
908 535
890 725
229 869
823 586
551 184
347 486
583 919
901 473
207 838
264 914
583 747
455 116
350 858
665 958
226 860
854 90
749 144
825 320
147 425
792 567
632 822
269 230
365 280
447 479
503 398
680 711
933 187
331 281
424 389
689 655
27 32
504 947
247 901
515 791
516 228
170 568
355 508
987 991
469 620
877 415
827 630
455 585
168 25
95 486
696 590
835 951
841 310
328 479
917 833
650 788
679 332
417 814
999 29
703 750
969 90
736 443
495 962
794 23
192 429
600 346
837 83
674 328
611 634
685 159
290 476
712 771
415 146
242 622
538 899
911 509
874 123
656 314
286 133
148 238
958 667
262 146
985 799
379 568
617 932
55 571
873 50
357 97
90 812
945 366
889 696
785 917
932 972
590 224
756 648
519 220
280 363
121 919
851 869
855 181
18 370
644 450
657 585
35 973
289 461
756 989
812 543
929 797
622 898
470 383
200 847
316 849
778 618
249 434
27 159
585 665
783 332
628 793
421 395
888 966
675 1000
918 348
131 122
818 992
726 761
287 359
568 647
99 751
184 656
574 445
614 638
486 973
197 65
767 84
624 174
515 17
694 769
741 841
23 798
942 48
848 105
305 29
253 959
572 53
51 592
41 555
153 97
231 1000
533 974
770 16
594 812
110 775
211 260
237 764
236 977
477 473
727 505
254 821
864 217
289 382
295 365
337 63
15 594
703 705
141 900
594 909
185 236
793 493
964 258
930 174
848 491
333 365
81 476
772 346
742 907
211 817
526 535
708 926
768 347
221 893
185 319
740 15
298 230
229 526
450 813
458 480
282 530
418 855
998 978
644 196
238 935
166 128
507 898
643 388
903 974
544 79
988 146
754 528
536 739
151 26
174 873
839 137
454 425
865 502
738 124
447 816
306 240
948 519
497 83
991 739
831 926
118 885
391 297
230 275
247 659
676 137
495 917
562 16
339 249
179 608
771 804
59 246
885 142
813 417
654 755
16 955
755 24
301 222
569 950
474 690
354 988
62 375
343 404
664 846
793 175
427 921
615 328
381 81
747 592
875 551
863 850
864 852
37 902
404 511
171 412
355 587
547 841
217 622
416 837
646 911
1000 729
980 921
693 160
531 701
803 672
219 313
223 465
171 186
246 530
962 323
416 163
290 708
932 875
440 41
226 710
247 124
48 542
911 63
940 86
340 17
94 465
440 152
938 123
321 107
618 899
485 648
624 588
18 205
592 234
757 672
494 446
703 270
982 467
86 260
130 376
515 540
592 377
496 46
792 587
264 596
191 587
701 573
213 143
550 6
934 161
259 491
133 462
765 803
537 790
865 417
792 873
633 701
931 522
862 22
330 143
168 62
374 348
361 531
487 87
596 285
778 152
232 768
892 904
452 781
328 307
914 614
510 31
294 718
335 208
836 644
624 325
453 357
456 471
440 828
366 152
121 461
944 133
590 713
496 807
426 642
101 260
138 286
92 201
883 238
793 26
723 345
103 459
546 908
720 561
557 162
699 810
340 894
34 33
552 574
113 728
607 984
976 858
439 634
195 14
732 319
972 750
856 815
12 895
414 959
254 702
76 138
113 847
189 613
389 99
452 644
820 825
938 204
119 840
100 151
449 393
165 349
95 924
186 920
354 262
906 433
798 739
342 479
530 261
442 933
539 497
21 842
118 326
618 886
730 332
607 489
486 287
878 316
994 457
516 298
286 925
360 681
916 840
136 282
464 903
763 381
540 146
130 296
577 497
925 951
235 85
571 543
537 611
918 288
294 590
813 694
373 207
411 430
231 225
469 732
408 428
808 74
653 158
413 729
83 106
377 931
442 257
614 445
999 109
548 27
162 714
714 495
272 278
466 212
129 681
162 317
804 252
272 421
651 355
764 744
357 142
358 835
237 680
871 917
629 611
333 102
944 213
564 678
509 805
845 139
833 707
940 161
264 706
836 466
915 805
54 307
768 256
320 681
267 550
215 868
952 286
806 393
681 530
904 385
975 862
997 306
38 886
385 800
122 975
490 811
865 813
905 138
100 794
230 857
750 778
88 834
964 739
960 694
706 422
429 717
104 492
123 344
655 483
42 237
666 968
726 796
930 785
182 830
28 380
377 70
783 508
142 492
951 622
583 853
628 905
899 211
810 442
978 584
887 41
157 997
250 303
420 69
296 971
335 106
193 581
620 164
657 438
698 682
74 192
594 523
323 547
359 161
970 774
437 710
37 429
617 587
31 98
760 36
900 892
923 565
618 167
145 917
573 589
284 940
413 880
84 614
470 899
888 126
138 441
546 298
897 188
977 494
371 875
877 589
586 650
881 522
91 764
707 937
690 860
949 241
236 44
85 507
786 942
273 513
355 925
513 224
125 635
200 654
77 760
265 502
104 298
166 54
773 86
276 722
156 120
602 472
291 707
75 104
772 402
32 165
360 326
290 869
661 850
60 371
448 469
800 186
934 789
903 862
151 21
601 386
197 311
382 973
918 377
23 95
762 119
266 752
49 704
748 70
287 346
698 735
537 603
166 589
886 476
154 13
173 351
443 763
982 995
787 755
828 477
631 520
338 177
842 24
233 413
679 918
136 878
287 9
242 548
699 865
237 735
681 583
543 105
654 786
162 468
770 279
2 653
735 824
949 819
533 52
972 628
167 938
116 898
154 739
357 440
52 426
812 412
264 667
447 139
360 99
215 959
310 913
595 709
143 51
840 708
30 643
677 588
739 799
901 116
243 716
686 974
377 706
113 200
721 393
80 287
583 339
598 49
1000 320
337 881
201 637
756 848
496 47
4 24
9 870
763 227
361 871
540 108
144 907
164 454
899 781
173 528
299 989
728 249
178 230
749 349
918 412
959 257
260 960
210 535
448 160
47 504
931 525
218 854
175 390
687 200
819 448
239 721
956 63
634 449
463 25
671 708
709 273
982 783
16 2
400 993
590 556
331 699
685 296
813 371
889 199
672 605
984 735
624 326
698 981
666 499
353 816
172 268
210 91
999 473
215 430
550 941
864 420
148 357
801 905
784 293
552 257
917 23
388 731
704 460
581 922
655 647
876 714
905 10
655 564
177 733
470 826
826 194
883 15
945 720
362 610
492 565
167 79
557 323
996 229
129 575
318 457
780 742
397 966
273 568
256 266
702 339
760 544
670 141
657 722
877 823
859 212
679 65
539 722
939 156
833 433
302 684
708 983
490 820
911 18
159 793
473 2
790 833
797 135
251 245
517 24
574 75
795 874
924 14
448 383
981 75
484 533
985 8
549 695
847 950
23 304
770 88
399 720
200 826
37 116
844 324
795 136
602 690
416 763
400 144
94 14
151 93
279 136
71 490
257 938
647 928
993 352
302 74
527 535
417 812
453 38
811 390
629 695
727 768
358 237
359 188
865 31
444 414
470 666
362 115
288 882
54 837
129 434
701 738
244 115
391 22
286 376
736 155
590 810
279 701
529 578
894 124
440 567
770 698
76 634
58 340
208 322
930 25
716 554
733 964
258 922
951 852
428 462
410 833
578 159
225 838
427 142
778 894
307 596
717 33
688 297
263 685
52 128
713 842
315 680
807 48
904 273
868 34
282 653
337 558
47 911
32 444
235 615
350 820
652 838
815 394
782 193
472 162
234 961
701 271
43 749
623 542
987 154
796 84
188 388
5 714
249 146
308 541
793 635
4 502
619 825
106 924
749 694
17 133
291 866
202 395
738 201
978 728
960 115
121 57
838 116
168 134
799 363
840 408
344 583
110 798
291 64
705 222
37 428
689 885
173 28
802 588
215 481
497 508
236 956
718 456
646 613
405 57
153 16
884 340
724 857
428 110
358 491
40 484
609 431
297 849
854 907
909 586
205 884
492 968
823 900
793 209
215 133
366 192
580 30
391 681
765 6
177 741
622 497
881 521
842 785
466 352
609 762
385 558
760 890
941 731
323 156
558 989
318 385
180 418
247 410
428 720
416 8
803 996
675 339
898 976
169 960
868 198
616 119
189 142
191 448
644 198
493 792
296 364
994 287
942 551
946 410
549 847
363 308
933 224
723 692
248 532
815 140
620 340
658 185
52 728
900 398
425 810
745 957
230 567
736 680
473 566
174 990
982 625
487 45
936 73
25 366
279 289
62 691
245 394
909 170
412 966
733 422
810 689
480 180
672 562
35 146
777 187
71 720
738 332
280 715
270 938
418 873
21 188
335 796
232 595
440 512
202 611
993 852
759 889
827 864
484 329
525 717
530 953
175 820
396 519
366 877
633 430
30 196
841 665
185 157
438 313
295 224
503 920
418 301
848 314
702 549
744 379
881 646
973 238
280 421
982 132
294 186
955 732
109 70
198 550
894 963
848 247
506 396
209 547
502 936
708 515
360 913
91 515
574 940
812 993
273 927
790 644
991 13
191 629
602 300
277 672
260 818
783 390
903 701
80 717
317 784
9 583
548 157
343 784
255 100
784 858
471 912
145 272
888 734
761 80
634 462
49 380
664 687
225 147
278 903
796 576
413 612
106 246
527 720
586 188
457 864
679 949
802 628
567 180
862 592
336 526
457 578
367 451
519 326
499 251
263 132
305 406
531 172
898 421
688 81
318 748
814 753
820 630
966 988
602 341
42 722
812 498
741 468
872 285
512 478
270 450
950 352
627 21
864 993
116 534
587 899
589 113
207 978
65 957
601 611
90 24
561 609
801 210
714 661
753 249
661 582
220 794
922 450
830 71
579 837
302 540
599 286
431 504
715 8
605 846
161 605
347 822
994 455
540 991
463 952
999 602
800 116
675 864
883 68
847 550
235 755
856 395
966 176
484 311
135 571
268 408
822 787
566 905
593 877
468 311
254 320
202 487
130 72
850 443
978 644
755 91
747 65
361 670
213 741
269 659
154 667
55 134
202 374
495 975
64 379
333 465
680 149
720 866
439 148
120 66
582 300
875 818
968 400
513 80
625 783
757 314
758 621
63 617
759 606
180 773
974 53
210 350
840 57
785 872
497 906
210 689
326 176
896 106
741 456
104 899
307 550
916 468
539 915
703 908
67 166
496 396
879 97
544 634
599 220
204 68
740 22
892 185
713 986
368 325
423 955
549 729
477 686
977 622
942 520
65 84
636 748
144 581
677 357
130 744
703 465
118 211
412 686
170 648
597 47
501 122
766 942
677 71
36 849
19 613
884 573
518 889
210 732
62 517
100 2
325 189
34 855
4 390
403 303
690 165
486 960
322 865
329 52
353 117
473 763
936 253
6 667
12 8
396 431
221 158
945 382
116 500
244 33
607 606
80 915
315 438
290 136
92 28
121 329
79 262
286 228
768 867
181 466
845 843
315 660
758 760
64 916
85 822
949 989
474 96
662 498
224 746
580 31
86 704
234 479
536 413
274 217
423 27
976 826
891 467
364 561
366 35
648 582
521 472
958 871
985 651
812 601
740 187
647 665
38 219
428 721
844 201
882 916
392 98
288 51
364 25
454 992
735 369
847 843
711 357
351 120
123 393
773 997
776 87
208 649
265 726
818 269
550 25
368 79
886 129
722 926
355 347
839 245
239 985
863 243
351 943
744 521
302 161
417 905
144 847
677 123
37 156
165 855
828 249
634 56
309 828
348 854
560 726
653 83
420 458
222 954
261 834
357 913
504 59
158 578
509 310
719 103
405 491
118 618
659 968
822 660
662 205
22 364
822 263
534 395
723 446
963 367
951 214
657 871
298 754
245 959
907 404
655 722
638 958
472 91
998 248
800 95
48 420
30 84
508 54
589 251
918 743
99 627
744 380
137 402
194 837
342 437
442 831
789 890
756 707
850 632
322 33
700 179
678 642
381 944
312 119
555 213
723 268
795 610
958 146
9 57
431 374
34 732
184 49
113 125
763 165
422 95
281 941
868 330
340 836
450 703
821 860
623 480
397 53
170 302
156 973
378 77
50 293
400 295
554 200
772 7
579 535
457 299
614 731
190 519
446 569
800 311
490 293
715 420
917 992
300 550
447 849
122 296
288 650
988 475
869 817
461 629
267 260
969 418
295 754
983 183
372 562
534 181
844 885
520 515
79 216
883 322
405 112
124 614
508 261
474 661
20 793
646 941
10 211
727 151
656 353
784 438
950 71
280 214
3 730
834 548
210 266
840 109
290 402
11 524
793 313
243 366
595 901
544 881
135 350
381 452
57 502
310 960
955 541
500 372
119 368
467 915
731 114
180 500
473 299
544 607
462 942
319 995
485 503
255 39
555 49
835 321
543 528
105 572
624 540
256 554
609 892
973 499
467 606
801 322
109 744
809 719
536 913
459 962
460 409
68 647
743 882
484 535
866 283
153 732
320 187
106 644
304 751
549 919
531 372
550 432
41 128
244 953
878 181
744 577
49 701
856 59
70 21
58 581
844 548
541 708
143 792
292 102
960 152
747 64
804 25
275 813
37 438
296 752
941 160
438 186
940 856
799 151
289 714
163 241
515 356
827 54
422 878
681 339
561 486
653 462
175 894
162 427
879 266
715 797
612 951
774 354
651 245
195 177
12 425
720 528
662 471
565 16
149 256
209 29
818 981
559 278
114 146
981 890
441 679
375 857
30 428
141 453
242 46
27 426
1000 222
655 808
416 383
446 15
715 572
311 919
886 617
445 877
288 40
548 926
536 894
403 329
887 113
545 240
85 183
565 253
14 109
768 401
520 466
200 600
818 555
800 34
29 432
657 879
363 330
92 772
661 827
648 118
244 767
924 387
140 402
178 221
126 767
607 116
22 938
959 651
380 652
359 367
767 370
549 907
364 199
554 787
314 604
705 133
979 354
248 472
502 349
680 292
348 883
403 882
188 228
173 376
908 237
585 840
787 728
476 175
280 578
409 98
764 295
254 460
221 157
519 602
315 88
279 509
482 747
874 185
533 970
183 65
331 978
98 571
101 456
945 82
728 670
233 192
881 860
474 730
3 628
709 154
988 967
572 646
849 271
703 636
225 533
897 177
972 595
153 370
59 682
333 7
906 929
565 748
34 100
785 996
424 856
441 94
115 371
498 89
988 991
967 601
164 922
891 744
108 559
163 694
57 159
313 261
721 128
886 730
575 691
238 841
829 634
797 220
337 43
471 989
809 758
652 868
286 23
434 373
164 606
22 596
776 88
69 583
330 949
773 885
189 110
776 783
670 647
31 671
394 898
754 524
334 964
634 214
818 817
652 518
654 187
982 516
352 675
615 879
23 88
118 990
78 194
101 697
430 181
89 629
456 336
93 5
610 401
930 908
645 766
758 793
891 727
833 750
624 349
36 187
572 981
857 811
278 872
913 591
534 25
183 165
363 94
794 506
153 498
233 188
675 85
604 469
309 767
571 4
183 747
498 264
120 234
681 981
804 171
488 157
43 246
399 275
610 110
229 106
341 544
289 77
785 960
238 408
21 653
320 869
356 99
254 646
958 768
86 975
693 221
252 419
459 251
904 348
209 400
137 115
393 217
912 967
927 668
180 55
697 395
610 700
39 332
223 243
407 488
804 844
84 442
910 112
804 979
520 490
188 360
8 222
653 690
47 167
675 838
126 676
697 726
701 166
350 44
44 879
69 579
498 253
853 332
529 398
697 944
624 200
495 727
611 790
796 956
946 113
486 830
953 955
145 278
170 867
945 303
880 836
516 434
274 965
81 545
244 235
391 158
943 925
785 471
196 389
987 434
491 579
607 657
879 970
390 493
727 460
339 503
766 50
78 16
651 200
357 231
893 917
414 118
474 261
99 944
9 408
565 691
323 737
54 184
348 413
815 959
686 557
837 781
589 158
592 654
686 668
543 765
530 716
158 277
532 2
366 577
630 869
522 56
627 729
977 609
471 679
797 19
484 818
71 654
734 598
43 888
997 508
714 738
142 75
171 191
446 733
428 952
506 40
201 542
769 796
792 683
340 183
84 523
936 342
147 529
791 840
350 8
98 97
541 417
514 559
387 431
830 897
981 283
305 778
306 37
846 382
914 420
329 156
913 515
658 929
58 565
631 604
282 445
68 398
984 271
409 889
822 563
897 744
221 184
224 132
885 209
137 819
948 793
435 934
334 119
278 784
390 318
233 235
179 498
253 248
988 77
822 487
665 150
131 622
153 426
337 325
903 941
470 635
58 105
206 929
387 777
980 648
250 941
931 324
510 507
574 210
902 455
924 651
342 272
238 481
132 566
237 855
911 882
958 841
6 426
85 483
533 331
954 752
989 388
741 168
651 688
998 713
565 986
824 220
114 452
425 375
502 871
455 87
782 992
601 799
878 365
293 409
187 906
385 966
99 70
687 841
85 39
639 576
677 355
625 50
717 610
317 116
763 172
213 835
964 909
320 208
521 716
311 602
505 125
32 891
487 181
680 823
933 43
257 538
24 827
574 471
278 240
430 47
457 668
92 184
454 465
737 811
943 887
265 884
515 20
573 246
704 75
432 270
625 719
789 462
990 449
793 317
656 125
783 956
239 488
645 955
831 724
158 774
257 119
709 747
817 159
571 104
37 796
573 698
178 101
409 321
358 712
186 425
314 354
944 245
229 117
836 419
12 733
397 809
973 118
8 529
964 271
787 270
458 696
151 655
445 942
816 782
11 492
177 964
640 508
702 366
226 575
650 141
669 127
531 898
200 690
130 825
161 979
960 968
168 898
985 427
380 427
273 807
810 70
498 538
601 891
179 397
296 367
388 391
995 390
782 83
661 862
31 670
628 890
260 1000
48 653
943 53
231 327
898 812
395 976
666 381
248 356
67 1000
551 149
676 182
805 790
420 500
524 962
357 12
525 407
286 405
771 811
295 601
944 341
563 653
14 855
805 584
480 405
120 124
709 179
999 262
767 826
350 947
185 960
242 691
704 484
82 456
101 380
432 231
401 872
112 895
370 335
150 625
871 985
730 543
381 333
755 64
479 576
246 885
444 901
910 906
858 379
108 878
772 943
225 58
281 736
416 329
569 373
351 299
137 481
925 72
81 590
769 740
954 680
902 824
47 979
359 925
195 708
927 671
34 730
330 613
573 447
789 602
518 360
377 573
834 53
542 354
455 31
313 514
818 609
412 498
434 278
53 147
610 927
957 170
65 18
506 132
549 864
473 885
232 833
350 45
596 461
541 476
212 470
107 725
771 331
244 935
407 943
13 52
751 718
491 6
40 110
666 302
762 712
706 575
945 477
601 275
529 30
733 278
438 946
679 848
594 572
685 403
316 346
721 495
582 37
440 850
115 976
343 736
295 637
150 320
211 338
908 404
508 400
712 876
29 546
966 561
876 679
651 203
836 197
34 203
343 439
401 852
703 413
224 805
280 119
675 7
210 264
671 149
488 250
819 862
59 725
447 90
987 113
954 874
635 547
281 764
95 59
656 912
345 305
988 605
517 977
954 733
152 335
336 220
910 852
792 287
575 60
617 270
963 790
69 875
786 773
683 151
613 858
416 930
716 85
294 903
687 692
725 481
139 962
910 77
434 314
464 921
614 923
230 669
728 298
395 685
810 976
17 115
706 594
93 392
38 724
558 562
635 333
620 415
602 702
785 118
469 389
951 513
535 326
849 955
386 987
905 557
832 383
13 88
514 479
984 69
594 657
871 383
122 330
273 452
723 828
631 607
390 541
875 9
378 547
35 222
58 677
496 922
206 277
500 114
672 637
603 899
307 319
352 57
121 889
68 173
196 506
329 219
20 840
2 815
441 501
462 93
465 399
381 19
167 696
59 787
423 274
25 871
113 622
652 757
152 30
869 191
724 662
764 971
911 446
733 960
287 541
427 117
655 901
695 388
294 487
441 945
573 1000
583 147
856 784
980 990
694 836
181 959
186 615
320 733
962 132
854 414
290 521
147 112
940 313
902 153
78 600
338 977
910 271
87 410
94 402
294 80
514 473
657 988
285 947
750 185
959 983
545 871
375 268
930 699
865 514
756 724
744 641
946 325
971 469
527 800
678 475
38 311
371 622
848 623
889 373
562 693
874 739
469 409
623 760
644 915
205 835
921 374
687 31
374 366
624 85
163 339
308 770
75 911
993 384
268 289
724 16
374 665
947 371
839 961
381 363
27 721
233 420
515 103
126 185
664 746
386 368
228 745
638 340
148 426
496 789
461 797
742 502
127 678
747 477
859 807
202 986
298 541
334 247
335 602
928 892
659 764
254 910
936 715
774 223
959 337
906 943
747 763
567 268
695 379
895 398
703 860
233 770
971 540
772 347
63 295
521 302
155 760
119 171
431 351
734 924
626 61
402 51
395 31
316 557
243 759
929 834
14 220
217 976
215 613
616 999
77 580
192 658
551 348
496 56
743 692
257 210
48 805
123 379
952 891
271 469
165 114
378 308
838 283
993 26
416 712
23 527
458 95
174 480
791 992
504 864
984 426
405 117
749 662
951 766
383 488
576 244
740 943
192 205
737 200
362 149
969 395
642 483
554 535
447 750
488 707
309 987
573 394
885 136
63 716
301 71
339 364
231 778
414 382
896 489
128 899
114 716
650 520
525 376
603 632
280 924
737 242
556 338
78 58
81 886
651 174
195 929
964 63
177 347
634 605
492 808
628 76
755 599
979 666
964 78
140 568
306 784
181 164
196 98
592 533
239 82
523 121
45 501
94 814
943 496
974 274
315 915
768 31
509 601
294 303
261 62
337 203
752 363
260 506
850 518
670 293
40 644
57 810
321 460
518 361
977 731
427 488
670 436
821 808
209 881
717 967
721 396
922 701
801 276
820 496
87 563
467 421
620 293
912 630
507 932
130 687
504 932
562 746
246 67
891 794
639 488
964 966
667 109
689 757
407 942
563 44
841 434
35 455
705 323
687 215
47 372
704 690
667 139
761 84
279 321
306 67
840 581
213 717
257 867
421 560
762 374
857 602
288 875
828 365
225 256
337 462
836 800
103 227
129 474
367 350
791 456
380 484
448 656
729 769
309 721
438 511
243 85
461 950
599 752
133 660
874 526
386 99
966 976
389 331
318 355
194 821
767 473
4 558
749 702
518 152
319 72
778 61
962 270
854 256
637 240
413 454
238 37
5 921
939 2
523 323
837 879
884 603
574 786
399 958
796 312
669 38
123 84
511 709
347 620
26 245
920 708
61 790
333 529
924 148
891 107
123 453
288 126
860 806
554 393
95 43
964 51
206 428
122 151
982 497
605 842
206 730
332 6
943 398
20 336
178 820
479 267
688 989
139 675
303 924
677 175
715 500
572 347
918 331
635 317
231 142
785 6
344 850
115 657
294 576
649 599
788 786
697 835
3 238
882 55
279 357
652 193
453 178
951 343
220 195
59 199
408 461
214 801
179 606
556 500
372 181
27 530
49 126
827 75
991 852
963 411
270 785
660 409
688 535
689 400
383 996
525 529
27 814
871 992
161 215
478 526
76 454
133 793
831 374
944 450
232 220
966 847
368 524
663 869
336 42
946 943
943 576
740 56
177 990
694 837
973 178
521 305
595 640
156 332
712 420
562 158
644 457
115 838
367 532
248 944
815 544
392 74
506 360
14 193
312 929
63 750
338 865
448 289
446 364
213 111
844 391
276 683
631 73
381 630
602 369
329 499
551 264
520 420
683 912
79 571
170 741
737 170
908 571
326 480
94 92
296 147
54 1
701 553
620 508
662 761
153 991
673 790
824 851
433 383
719 361
740 948
947 370
425 51
70 135
762 748
780 434
49 440
178 284
676 227
684 327
352 87
888 393
665 787
250 634
343 683
441 423
598 907
656 398
72 197
254 173
149 79
888 103
135 108
999 365
345 684
876 760
163 895
515 466
419 457
993 956
386 156
25 834
284 985
34 240
417 248
720 511
348 464
812 39
63 879
621 945
949 842
881 524
592 697
95 542
99 603
9 295
926 186
418 373
807 237
77 912
575 145
121 571
21 220
76 200
722 598
510 156
7 634
891 309
437 681
920 653
939 219
388 99
589 436
126 941
331 107
773 80
835 427
34 118
570 708
790 765
639 614
87 671
61 81
311 523
826 797
691 313
361 798
164 319
612 560
580 999
407 901
66 521
643 260
930 958
681 124
903 741
908 829
141 170
491 173
806 350
221 476
25 369
300 973
676 176
127 918
697 891
258 505
810 698
740 831
383 331
945 145
853 632
144 856
805 997
735 612
24 678
334 391
927 406
606 723
185 597
44 232
941 118
616 519
896 409
589 516
145 875
798 272
694 193
163 629
91 444
845 875
974 113
72 741
534 745
930 977
890 999
683 660
724 719
284 684
926 7
794 957
355 705
394 271
562 479
453 992
972 848
210 632
488 202
854 737
352 716
156 261
730 942
33 54
894 629
787 413
274 184
207 874
280 473
621 328
53 300
778 715
321 108
781 748
470 335
554 402
543 862
216 982
395 643
35 744
252 610
36 695
866 226
117 300
526 54
711 14
179 137
217 382
491 107
350 418
734 769
230 724
196 972
766 726
974 759
518 837
677 761
36 996
992 914
143 61
335 40
728 927
196 738
463 404
158 674
654 551
343 542
823 180
970 856
699 394
607 525
666 113
975 489
104 148
28 870
675 485
344 691
606 719
486 84
438 822
82 27
923 755
16 202
554 743
396 593
902 335
426 540
667 758
693 634
506 309
189 811
869 153
444 820
890 585
252 141
987 194
659 211
422 691
66 23
647 430
67 32
950 357
78 680
902 248
355 765
894 997
542 418
116 27
674 234
858 127
643 777
330 564
39 412
281 7
109 88
131 731
651 631
347 999
252 672
271 366
612 128
613 681
744 792
680 544
455 402
443 586
406 690
562 572
875 463
178 821
382 557
348 581
960 335
451 852
4 280
321 692
239 642
369 640
153 883
373 200
771 907
598 531
89 513
309 880
805 859
109 702
112 366
330 317
991 544
335 12
547 492
626 491
681 342
990 488
101 591
317 642
590 546
145 529
332 661
331 810
926 293
541 915
69 630
112 731
615 171
564 911
361 76
695 115
71 949
440 573
504 519
77 312
408 27
932 233
51 997
396 964
94 965
722 190
458 191
765 124
125 157
54 155
497 798
902 85
741 499
247 366
546 227
968 849
306 936
309 71
937 678
333 321
584 257
747 831
713 739
757 996
312 68
730 304
582 911
402 973
5 112
208 900
361 214
377 531
421 192
960 542
924 249
563 427
422 234
939 412
43 739
498 514
778 530
363 334
237 297
316 216
338 640
727 285
583 122
653 622
771 372
283 446
781 147
514 526
246 161
630 34
633 894
279 170
102 459
140 236
568 655
83 394
841 218
324 381
9 81
952 669
628 694
847 468
151 349
634 259
504 36
656 225
140 978
329 315
456 391
75 762
949 661
287 18
914 824
416 555
617 733
176 917
304 90
842 795
21 19
918 771
285 812
842 569
715 829
20 989
595 867
872 700
196 254
884 259
785 248
397 806
309 42
864 831
579 452
