1001111111011100110101010110011111011101111110111101101111111111111101100111111111111111111110111111111101000110001111011111111011010010111110001101111111110111111111011111111111
0100000000000000000010000000000000100000000001000010010000000000000000000000000000000000000000000000000000010000010000000000000100001000000001100010000000000000000000000000000000
0010000000100011001000101001100000000010000000000000000000000000000010011000000000000000000001000000000010101001100000100000000000100101000000010000000000001000000000100000000000
1001111111011100110101010110011011011101111110111101101111111111111101100111111111111111111110111111111101000110001111011111111011010010111110001101111111110111111111011111111111
0000000000000000000001000000000010000001000000100000000100000000110000000000000010000100001010000100001100000000000000000001000000010000000000000100000011000001000000001100000001
1001111111011100110100010110011001011100111110011101101011111111001101100111111101111011110100111011110001000110001111011110111011000010111110001001111100110110111111010011111110
1001111111011100110100010110011001011100110110011101101011111111001101100111101101111011110100111011110001000110001111011110111011000010111110001001111100110110111111010011111110
0000000000000000000000000000000000000000001000000000000000000000000000000000010000000000000000000000000000000000000000000000000000000000000000000000000000000000000000000000000000
1001111111011100110100010110011001011100110110011101101011111111001101100111101101111011110100111011110001000110001111011110111011000010111110001001111100110110111111000011111110
0001000100000000000000000000010001000000000000000000100000000000000000000000000000001000000100000000000000000000000001000000000000000000000100000000000100110000000010000000000100
1000111011011100110100010110001000011100110110011101001011111111001101100111101101110011110000111011110001000110001110011110111011000010111010001001111000000110111101000011111010
1000111011011100110100010110001000011100110110011101001011111111001101100111101100110011110000111011110001000110001110011110111011000010111010001001111000000110111101000011111010
1000111011011100110100010010001000010100110110011101001011111111001101100111101100110011110000111001110000000110001110010110101011000010111000001001111000000110111100000011110000
0000000000000000000000000100000000001000000000000000000000000000000000000000000000000000000000000010000001000000000000001000010000000000000010000000000000000000000001000000001010
1000111011011100110100010010001000010100110110011101001011111111001101100111101100110011110000111000110000000110001110010110101011000010111000001001111000000110111100000011110000
1000111000011100110100010010000000010100110110010100001010000100001001000101101000010011100000111000110000000100001110000110101010000010001000001000101000000000111100000001110000
0000000011000000000000000000001000000000000000001001000001111011000100100010000100100000010000000000000000000010000000010000000001000000110000000001010000000110000000000010000000
1000111000001100110100010010000000010100110110010100001010000100001001000101101000010011100000111000110000000100001110000110101010000010001000001000101000000000111100000001110000
1000011000001000010000010000000000010100010110010100001010000000000001000001101000010000100000111000010000000000000110000110101010000010000000001000001000000000011000000001000000
0000100000000100100100000010000000000000100000000000000000000100001000000100000000000011000000000000100000000100001000000000000000000000001000000000100000000000100100000000110000
1000011000000000010000010000000000010100010110010100001010000000000001000001101000010000100000111000010000000000000110000110101010000010000000001000001000000000011000000001000000
1000011000000000010000010000000000000100010110010100001010000000000001000001101000010000100000111000010000000000000110000110101010000010000000001000001000000000011000000001000000
0000001000000000000000000000000000000000000000000000000000000000000000000000000000000000000000000000000000000000000100000000000000000010000000001000000000000000000000000000000000
1000010000000000010000010000000000000100010110010100001010000000000001000001101000010000100000111000010000000000000010000110101010000000000000000000001000000000011000000001000000
1000010000000000010000010000000000000000010110010100001010000000000001000001101000010000100000111000010000000000000010000110101010000000000000000000001000000000011000000001000000
1000010000000000010000010000000000000000010110010100001010000000000001000001101000000000100000111000010000000000000010000110101010000000000000000000001000000000011000000001000000
1000010000000000010000010000000000000000010110000100001010000000000001000001101000000000100000101000010000000000000010000110101000000000000000000000001000000000011000000001000000
0000000000000000000000000000000000000000000000010000000000000000000000000000000000000000000000010000000000000000000000000000000010000000000000000000000000000000000000000000000000
1000010000000000010000000000000000000000010110000100001010000000000001000001001000000000100000101000010000000000000010000110101000000000000000000000001000000000011000000001000000
0000000000000000000000010000000000000000000000000000000000000000000000000000100000000000000000000000000000000000000000000000000000000000000000000000000000000000000000000000000000
1000010000000000010000000000000000000000000100000000001000000000000000000000000000000000100000101000010000000000000000000000001000000000000000000000001000000000011000000001000000
0000000000000000000000000000000000000000010010000100000010000000000001000001001000000000000000000000000000000000000010000110100000000000000000000000000000000000000000000000000000
0000010000000000000000000000000000000000000000000000000000000000000000000000000000000000000000100000000000000000000000000000001000000000000000000000000000000000011000000001000000
1000000000000000010000000000000000000000000100000000001000000000000000000000000000000000100000001000010000000000000000000000000000000000000000000000001000000000000000000000000000
1000000000000000010000000000000000000000000100000000001000000000000000000000000000000000100000000000010000000000000000000000000000000000000000000000001000000000000000000000000000
1000000000000000010000000000000000000000000000000000001000000000000000000000000000000000100000000000010000000000000000000000000000000000000000000000001000000000000000000000000000
1000000000000000000000000000000000000000000000000000000000000000000000000000000000000000100000000000000000000000000000000000000000000000000000000000000000000000000000000000000000
0000000000000000010000000000000000000000000000000000001000000000000000000000000000000000000000000000010000000000000000000000000000000000000000000000001000000000000000000000000000
0000000000000000000000000000000000000000000000000000001000000000000000000000000000000000000000000000010000000000000000000000000000000000000000000000000000000000000000000000000000
0000000000000000010000000000000000000000000000000000000000000000000000000000000000000000000000000000000000000000000000000000000000000000000000000000001000000000000000000000000000
0000010000000000000000000000000000000000000000000000000000000000000000000000000000000000000000100000000000000000000000000000000000000000000000000000000000000000011000000001000000
0000010000000000000000000000000000000000000000000000000000000000000000000000000000000000000000100000000000000000000000000000000000000000000000000000000000000000001000000001000000
0000010000000000000000000000000000000000000000000000000000000000000000000000000000000000000000100000000000000000000000000000000000000000000000000000000000000000000000000001000000
0000010000000000000000000000000000000000000000000000000000000000000000000000000000000000000000000000000000000000000000000000000000000000000000000000000000000000000000000001000000
0000000000000000000000000000000000000000010000000100000010000000000000000000001000000000000000000000000000000000000000000010100000000000000000000000000000000000000000000000000000
0000000000000000000000000000000000000000000010000000000000000000000001000001000000000000000000000000000000000000000010000100000000000000000000000000000000000000000000000000000000
0000000000000000000000000000000000000000000000000100000010000000000000000000001000000000000000000000000000000000000000000010100000000000000000000000000000000000000000000000000000
0000000000000000000000000000000000000000000000000000000010000000000000000000001000000000000000000000000000000000000000000010100000000000000000000000000000000000000000000000000000
0000000000000000000000000000000000000000000000000000000010000000000000000000001000000000000000000000000000000000000000000000100000000000000000000000000000000000000000000000000000
0000000000000000000000000000000000000000000000000000000000000000000000000000001000000000000000000000000000000000000000000000100000000000000000000000000000000000000000000000000000
0000000000000000000000000000000000000000000010000000000000000000000001000001000000000000000000000000000000000000000000000100000000000000000000000000000000000000000000000000000000
0000000000000000000000000000000000000000000000000000000000000000000001000001000000000000000000000000000000000000000000000100000000000000000000000000000000000000000000000000000000
0000000000000000000000000000000000000000000000000000000000000000000000000001000000000000000000000000000000000000000000000100000000000000000000000000000000000000000000000000000000
0000000000000000000000000000000000000000000000000000000000000000000000000000000000000000000000010000000000000000000000000000000010000000000000000000000000000000000000000000000000
0000000000000000000000000000000000000000000000000000000000000000000000000000000000000000000000000000000000000000000000000000000000000010000000001000000000000000000000000000000000
0000001000000000000000000000000000000000000000000000000000000000000000000000000000000000000000000000000000000000000100000000000000000000000000000000000000000000000000000000000000
0000000000000100100100000010000000000000100000000000000000000100001000000100000000000011000000000000100000000100001000000000000000000000001000000000100000000000100100000000110000
0000000000000100100000000000000000000000000000000000000000000100001000000000000000000010000000000000000000000100000000000000000000000000000000000000000000000000100100000000110000
0000000000000000000100000010000000000000100000000000000000000000000000000100000000000001000000000000100000000000001000000000000000000000001000000000100000000000000000000000000000
0000000000000100100000000000000000000000000000000000000000000100001000000000000000000010000000000000000000000000000000000000000000000000000000000000000000000000100100000000110000
0000000000000100000000000000000000000000000000000000000000000100000000000000000000000010000000000000000000000000000000000000000000000000000000000000000000000000000100000000010000
0000000000000000100000000000000000000000000000000000000000000000001000000000000000000000000000000000000000000000000000000000000000000000000000000000000000000000100000000000100000
0000000000000100000000000000000000000000000000000000000000000100000000000000000000000000000000000000000000000000000000000000000000000000000000000000000000000000000100000000010000
0000000000000100000000000000000000000000000000000000000000000100000000000000000000000000000000000000000000000000000000000000000000000000000000000000000000000000000000000000010000
0000000000000000000000000000000000000000000000000000000000000100000000000000000000000000000000000000000000000000000000000000000000000000000000000000000000000000000000000000010000
0000000000000000000000000000000000000000000000000000000000000000001000000000000000000000000000000000000000000000000000000000000000000000000000000000000000000000100000000000100000
0000000000000000000000000000000000000000000000000000000000000000001000000000000000000000000000000000000000000000000000000000000000000000000000000000000000000000100000000000000000
0000000000000000000000000010000000000000100000000000000000000000000000000100000000000001000000000000100000000000001000000000000000000000000000000000000000000000000000000000000000
0000000000000000000100000000000000000000000000000000000000000000000000000000000000000000000000000000000000000000000000000000000000000000001000000000100000000000000000000000000000
0000000000000000000100000000000000000000000000000000000000000000000000000000000000000000000000000000000000000000000000000000000000000000001000000000000000000000000000000000000000
0000000000000000000000000010000000000000100000000000000000000000000000000100000000000000000000000000100000000000001000000000000000000000000000000000000000000000000000000000000000
0000000000000000000000000010000000000000100000000000000000000000000000000000000000000000000000000000100000000000001000000000000000000000000000000000000000000000000000000000000000
0000000000000000000000000010000000000000100000000000000000000000000000000000000000000000000000000000100000000000000000000000000000000000000000000000000000000000000000000000000000
0000000000000000000000000010000000000000100000000000000000000000000000000000000000000000000000000000000000000000000000000000000000000000000000000000000000000000000000000000000000
0000000011000000000000000000001000000000000000001001000001111011000100100010000100100000010000000000000000000010000000010000000001000000010000000001010000000110000000000010000000
0000000011000000000000000000001000000000000000001001000001111011000100100000000100100000010000000000000000000010000000010000000001000000010000000001010000000110000000000010000000
0000000011000000000000000000001000000000000000001001000001101011000100100000000100100000010000000000000000000010000000010000000001000000010000000001010000000110000000000010000000
0000000010000000000000000000000000000000000000000000000000100001000000000000000000000000010000000000000000000010000000000000000000000000000000000000000000000010000000000000000000
0000000001000000000000000000001000000000000000001001000001001010000100100000000100100000000000000000000000000000000000010000000001000000010000000001010000000100000000000010000000
0000000010000000000000000000000000000000000000000000000000100001000000000000000000000000010000000000000000000010000000000000000000000000000000000000000000000000000000000000000000
0000000000000000000000000000000000000000000000000000000000100001000000000000000000000000010000000000000000000010000000000000000000000000000000000000000000000000000000000000000000
0000000000000000000000000000000000000000000000000000000000100001000000000000000000000000000000000000000000000010000000000000000000000000000000000000000000000000000000000000000000
0000000000000000000000000000000000000000000000000000000000100001000000000000000000000000000000000000000000000000000000000000000000000000000000000000000000000000000000000000000000
0000000001000000000000000000001000000000000000001001000001001010000100100000000100100000000000000000000000000000000000010000000001000000000000000001010000000100000000000010000000
0000000001000000000000000000001000000000000000001001000001001010000000100000000100100000000000000000000000000000000000010000000001000000000000000001010000000100000000000010000000
0000000001000000000000000000001000000000000000000001000001001010000000100000000100100000000000000000000000000000000000010000000001000000000000000001010000000100000000000010000000
0000000001000000000000000000001000000000000000000001000001001010000000100000000100100000000000000000000000000000000000010000000001000000000000000001000000000000000000000010000000
0000000000000000000000000000000000000000000000000000000000000000000000000000000000000000000000000000000000000000000000000000000000000000000000000000010000000100000000000000000000
0000000000000000000000000000001000000000000000000001000001001010000000100000000100100000000000000000000000000000000000010000000001000000000000000001000000000000000000000010000000
0000000000000000000000000000001000000000000000000001000001001010000000100000000100100000000000000000000000000000000000010000000001000000000000000000000000000000000000000010000000
0000000000000000000000000000001000000000000000000001000001001010000000100000000100100000000000000000000000000000000000000000000001000000000000000000000000000000000000000010000000
0000000000000000000000000000001000000000000000000001000001001010000000000000000100100000000000000000000000000000000000000000000001000000000000000000000000000000000000000010000000
0000000000000000000000000000001000000000000000000001000000000010000000000000000000000000000000000000000000000000000000000000000000000000000000000000000000000000000000000010000000
0000000000000000000000000000000000000000000000000000000001001000000000000000000100100000000000000000000000000000000000000000000001000000000000000000000000000000000000000000000000
0000000000000000000000000000001000000000000000000001000000000000000000000000000000000000000000000000000000000000000000000000000000000000000000000000000000000000000000000010000000
0000000000000000000000000000001000000000000000000000000000000000000000000000000000000000000000000000000000000000000000000000000000000000000000000000000000000000000000000010000000
0000000000000000000000000000000000000000000000000000000001001000000000000000000100100000000000000000000000000000000000000000000000000000000000000000000000000000000000000000000000
0000000000000000000000000000000000000000000000000000000001001000000000000000000000100000000000000000000000000000000000000000000000000000000000000000000000000000000000000000000000
0000000000000000000000000000000000000000000000000000000001001000000000000000000000000000000000000000000000000000000000000000000000000000000000000000000000000000000000000000000000
0000000000000000000000000100000000001000000000000000000000000000000000000000000000000000000000000010000001000000000000001000000000000000000010000000000000000000000001000000001010
0000000000000000000000000100000000001000000000000000000000000000000000000000000000000000000000000010000001000000000000001000000000000000000010000000000000000000000001000000000010
0000000000000000000000000100000000000000000000000000000000000000000000000000000000000000000000000010000001000000000000001000000000000000000000000000000000000000000001000000000010
0000000000000000000000000000000000001000000000000000000000000000000000000000000000000000000000000000000000000000000000000000000000000000000010000000000000000000000000000000000000
0000000000000000000000000100000000000000000000000000000000000000000000000000000000000000000000000000000001000000000000001000000000000000000000000000000000000000000001000000000010
0000000000000000000000000100000000000000000000000000000000000000000000000000000000000000000000000000000000000000000000000000000000000000000000000000000000000000000001000000000010
0000000000000000000000000000000000000000000000000000000000000000000000000000000000000000000000000000000001000000000000001000000000000000000000000000000000000000000000000000000000
0000000000000000000000000100000000000000000000000000000000000000000000000000000000000000000000000000000000000000000000000000000000000000000000000000000000000000000000000000000010
0000000000000000000000000000000000000000000000000000000000000000000000000000000000000000000000000000000000000000000001000000000000000000000000000000000000000000000000000000000100
0001000100000000000000000000010001000000000000000000100000000000000000000000000000001000000100000000000000000000000000000000000000000000000100000000000100110000000010000000000000
0001000100000000000000000000010001000000000000000000100000000000000000000000000000001000000100000000000000000000000000000000000000000000000100000000000100010000000010000000000000
0001000100000000000000000000010001000000000000000000000000000000000000000000000000001000000100000000000000000000000000000000000000000000000100000000000100010000000010000000000000
0000000100000000000000000000010000000000000000000000000000000000000000000000000000000000000000000000000000000000000000000000000000000000000100000000000100010000000010000000000000
0001000000000000000000000000000001000000000000000000000000000000000000000000000000001000000100000000000000000000000000000000000000000000000000000000000000000000000000000000000000
0001000000000000000000000000000001000000000000000000000000000000000000000000000000001000000000000000000000000000000000000000000000000000000000000000000000000000000000000000000000
0000000000000000000000000000000001000000000000000000000000000000000000000000000000001000000000000000000000000000000000000000000000000000000000000000000000000000000000000000000000
0000000000000000000000000000010000000000000000000000000000000000000000000000000000000000000000000000000000000000000000000000000000000000000100000000000100010000000010000000000000
0000000000000000000000000000000000000000000000000000000000000000000000000000000000000000000000000000000000000000000000000000000000000000000100000000000100010000000010000000000000
0000000000000000000000000000000000000000000000000000000000000000000000000000000000000000000000000000000000000000000000000000000000000000000100000000000100010000000000000000000000
0000000000000000000000000000000000000000000000000000000000000000000000000000000000000000000000000000000000000000000000000000000000000000000000000000000100010000000000000000000000
0000000000000000000001000000000010000001000000100000000100000000110000000000000010000000001010000100001100000000000000000001000000010000000000000100000011000001000000001100000001
0000000000000000000001000000000010000001000000100000000100000000110000000000000000000000001010000100001100000000000000000001000000000000000000000100000011000001000000000100000000
0000000000000000000000000000000000000000000000000000000000000000000000000000000010000000000000000000000000000000000000000000000000010000000000000000000000000000000000001000000001
0000000000000000000001000000000010000001000000100000000100000000110000000000000000000000001010000000001100000000000000000001000000000000000000000100000011000001000000000100000000
0000000000000000000001000000000010000001000000100000000100000000110000000000000000000000001010000000001100000000000000000001000000000000000000000100000011000001000000000000000000
0000000000000000000001000000000010000001000000000000000100000000010000000000000000000000001000000000001100000000000000000001000000000000000000000100000011000001000000000000000000
0000000000000000000000000000000000000000000000100000000000000000100000000000000000000000000010000000000000000000000000000000000000000000000000000000000000000000000000000000000000
0000000000000000000001000000000010000001000000000000000100000000010000000000000000000000001000000000001000000000000000000001000000000000000000000100000011000001000000000000000000
0000000000000000000001000000000010000001000000000000000100000000010000000000000000000000000000000000001000000000000000000001000000000000000000000100000011000001000000000000000000
0000000000000000000001000000000010000001000000000000000000000000010000000000000000000000000000000000001000000000000000000001000000000000000000000100000000000001000000000000000000
0000000000000000000000000000000000000000000000000000000100000000000000000000000000000000000000000000000000000000000000000000000000000000000000000000000011000000000000000000000000
0000000000000000000001000000000010000001000000000000000000000000010000000000000000000000000000000000001000000000000000000001000000000000000000000100000000000000000000000000000000
0000000000000000000001000000000010000000000000000000000000000000010000000000000000000000000000000000001000000000000000000001000000000000000000000100000000000000000000000000000000
0000000000000000000001000000000010000000000000000000000000000000010000000000000000000000000000000000000000000000000000000001000000000000000000000100000000000000000000000000000000
0000000000000000000001000000000010000000000000000000000000000000010000000000000000000000000000000000000000000000000000000000000000000000000000000100000000000000000000000000000000
0000000000000000000000000000000010000000000000000000000000000000010000000000000000000000000000000000000000000000000000000000000000000000000000000100000000000000000000000000000000
0000000000000000000000000000000010000000000000000000000000000000010000000000000000000000000000000000000000000000000000000000000000000000000000000000000000000000000000000000000000
0000000000000000000000000000000000000000000000000000000000000000000000000000000000000000000000000000000000000000000000000000000000000000000000000000000011000000000000000000000000
0000000000000000000000000000000000000000000000100000000000000000100000000000000000000000000000000000000000000000000000000000000000000000000000000000000000000000000000000000000000
0000000000000000000000000000000000000000000000000000000000000000000000000000000010000000000000000000000000000000000000000000000000000000000000000000000000000000000000000000000001
0000000000000000000000000000000000000000000000000000000000000000000000000000000000000000000000000000000000000000000000000000000000010000000000000000000000000000000000001000000000
0000000000000000000010000000000000000000000000000000010000000000000000000000000000000000000000000000000000010000010000000000000100001000000000000000000000000000000000000000000000
0100000000000000000000000000000000100000000001000010000000000000000000000000000000000000000000000000000000000000000000000000000000000000000001100010000000000000000000000000000000
0100000000000000000000000000000000100000000000000010000000000000000000000000000000000000000000000000000000000000000000000000000000000000000000100010000000000000000000000000000000
0000000000000000000000000000000000000000000001000000000000000000000000000000000000000000000000000000000000000000000000000000000000000000000001000000000000000000000000000000000000
0100000000000000000000000000000000100000000000000000000000000000000000000000000000000000000000000000000000000000000000000000000000000000000000100010000000000000000000000000000000
0100000000000000000000000000000000000000000000000000000000000000000000000000000000000000000000000000000000000000000000000000000000000000000000000010000000000000000000000000000000
0000000000000000000000000000000000100000000000000000000000000000000000000000000000000000000000000000000000000000000000000000000000000000000000100000000000000000000000000000000000
0000000000000000000010000000000000000000000000000000000000000000000000000000000000000000000000000000000000010000010000000000000100001000000000000000000000000000000000000000000000
0000000000000000000010000000000000000000000000000000000000000000000000000000000000000000000000000000000000010000010000000000000000001000000000000000000000000000000000000000000000
0000000000000000000000000000000000000000000000000000000000000000000000000000000000000000000000000000000000010000010000000000000000001000000000000000000000000000000000000000000000
0000000000000000000000000000000000000000000000000000000000000000000000000000000000000000000000000000000000010000010000000000000000000000000000000000000000000000000000000000000000
0000000000100011001000101001100000000010000000000000000000000000000010011000000000000000000001000000000010101001100000100000000000100101000000010000000000001000000000100000000000
0000000000100011001000101001100000000010000000000000000000000000000010011000000000000000000001000000000010001001100000100000000000100101000000010000000000001000000000100000000000
0000000000100011001000100001100000000010000000000000000000000000000010011000000000000000000001000000000010001001100000100000000000100101000000010000000000001000000000100000000000
0000000000100011001000100001100000000010000000000000000000000000000010011000000000000000000001000000000010001000100000100000000000100101000000010000000000001000000000100000000000
0000000000000010000000000001100000000010000000000000000000000000000010000000000000000000000000000000000010001000100000100000000000100101000000010000000000001000000000100000000000
0000000000100001001000100000000000000000000000000000000000000000000000011000000000000000000001000000000000000000000000000000000000000000000000000000000000000000000000000000000000
0000000000100001001000100000000000000000000000000000000000000000000000011000000000000000000000000000000000000000000000000000000000000000000000000000000000000000000000000000000000
0000000000100001000000100000000000000000000000000000000000000000000000011000000000000000000000000000000000000000000000000000000000000000000000000000000000000000000000000000000000
0000000000100001000000000000000000000000000000000000000000000000000000011000000000000000000000000000000000000000000000000000000000000000000000000000000000000000000000000000000000
0000000000100000000000000000000000000000000000000000000000000000000000011000000000000000000000000000000000000000000000000000000000000000000000000000000000000000000000000000000000
0000000000100000000000000000000000000000000000000000000000000000000000010000000000000000000000000000000000000000000000000000000000000000000000000000000000000000000000000000000000
0000000000000010000000000001100000000010000000000000000000000000000010000000000000000000000000000000000010000000100000100000000000100101000000010000000000001000000000100000000000
0000000000000010000000000000100000000010000000000000000000000000000010000000000000000000000000000000000010000000100000100000000000100101000000010000000000001000000000100000000000
0000000000000000000000000000000000000000000000000000000000000000000000000000000000000000000000000000000000000000000000000000000000100000000000000000000000000000000000100000000000
0000000000000010000000000000100000000010000000000000000000000000000010000000000000000000000000000000000010000000100000100000000000000101000000010000000000001000000000000000000000
0000000000000000000000000000100000000000000000000000000000000000000000000000000000000000000000000000000000000000000000100000000000000100000000010000000000001000000000000000000000
0000000000000010000000000000000000000010000000000000000000000000000010000000000000000000000000000000000010000000100000000000000000000001000000000000000000000000000000000000000000
0000000000000000000000000000000000000010000000000000000000000000000000000000000000000000000000000000000000000000100000000000000000000000000000000000000000000000000000000000000000
0000000000000010000000000000000000000000000000000000000000000000000010000000000000000000000000000000000010000000000000000000000000000001000000000000000000000000000000000000000000
0000000000000010000000000000000000000000000000000000000000000000000010000000000000000000000000000000000010000000000000000000000000000000000000000000000000000000000000000000000000
0000000000000010000000000000000000000000000000000000000000000000000010000000000000000000000000000000000000000000000000000000000000000000000000000000000000000000000000000000000000
0000000000000000000000000000100000000000000000000000000000000000000000000000000000000000000000000000000000000000000000000000000000000100000000010000000000001000000000000000000000
0000000000000000000000000000100000000000000000000000000000000000000000000000000000000000000000000000000000000000000000000000000000000000000000010000000000001000000000000000000000
0000000000000000000000000000000000000000000000000000000000000000000000000000000000000000000000000000000000000000000000000000000000000000000000010000000000001000000000000000000000
