3123.8711978
3286.9345278
3400.0185878
3487.0506178
3618.0911078
3715.1438678
3871.2449778
4034.3083078
4135.3559878
4264.3985778
4420.4996878
4548.5582678
4663.5852078
4762.6536178
4890.7485778
4977.7806078
5133.8817178
5262.9243078
5333.9614178
5471.0203278
5572.0680078
5685.1520678
5832.2204778
5935.2296678
6063.2882478
6166.2974378
6303.3563478
6406.3655378
6521.3924778
6649.4874378
6720.5245478
6807.5565778
6935.6151578
7022.6471878
7150.7421478
7306.8432578
7377.8803678
7490.9644278
7605.9913678
7720.0342978
7833.1183578
7989.2194678
8092.2286578
8191.2970678
8304.3811278
8467.4444578
8568.4921378
8671.5013278
8800.5439178
8887.5759478
8974.6079778
9089.6349178
9203.6778478
9316.7619078
9472.8630178
9573.9106978
9702.0056578
9865.0689878
9952.1010178
10080.1959778
10209.2385678
10322.3226278
10451.3652178
10580.4078078
10693.4918678
10792.5602778
10929.6191878
11057.7141478
11144.7461778
11300.8472878
11463.9106178
11600.9695278
11688.0015578
11825.0604678
11953.1554278
12139.2347378
12196.2561978
12352.3573078
12409.3787678
12466.4002278
12563.4529878
