1 4
2 4
8 4
17 4
31 4
46 4
47 4
54 4
54 6
55 4
56 4
64 4
64 6
65 4
65 6
66 4
67 4
84 8
85 6
86 4
91 4
101 4
106 4
108 6
109 4
111 4
114 4
118 4
156 6
157 4
170 6
171 4
189 4
198 4
207 4
213 4
219 4
234 8
235 6
236 4
271 8
272 6
273 4
277 4
280 4
289 4
309 6
310 4
311 8
312 6
313 4
337 4
348 4
392 6
393 4
399 4
412 8
413 6
414 4
422 6
423 4
430 4
441 12
442 10
443 8
444 6
445 4
454 4
461 4
468 4
526 4
537 4
541 8
542 6
543 4
609 4
618 6
619 4
673 6
674 4
694 4
696 4
704 4
732 4
733 4
743 4
744 4
751 4
796 4
827 4
841 4
852 12
853 10
854 8
855 6
856 4
884 4
889 4
