806 1089
403 626
619 164
596 117
368 550
635 594
342 528
678 233
79 266
525 17
643 211
671 185
32 393
736 405
437 654
518 157
680 108
329 582
580 273
324 238
777 136
277 766
737 744
266 78
69 273
517 406
695 251
215 397
410 467
353 545
528 387
800 138
88 521
656 139
765 295
190 591
447 583
270 229
665 765
696 614
469 412
186 369
788 513
43 278
207 385
486 579
478 506
752 373
778 641
26 615
717 553
8 282
721 713
393 192
477 236
120 198
78 530
397 250
474 41
729 655
676 607
211 171
319 658
398 310
494 587
770 336
388 163
490 30
114 67
338 364
466 130
696 497
699 492
245 84
495 289
230 84
71 571
411 580
38 269
579 61
655 420
662 764
38 241
279 45
340 337
346 620
220 467
108 456
45 97
174 529
467 521
36 806
660 795
399 240
179 712
422 106
122 92
359 345
133 340
36 716
621 734
190 751
8 400
620 329
115 203
715 774
628 688
719 283
298 107
129 761
218 481
715 173
298 208
239 170
753 319
190 752
226 665
251 520
322 714
167 663
227 750
72 319
1 58
384 39
46 774
773 142
585 61
794 766
258 227
779 671
476 269
411 617
718 535
804 126
801 340
404 16
372 396
315 411
725 374
399 67
393 323
351 346
700 360
555 81
656 492
330 480
138 259
320 515
63 263
389 78
184 723
697 382
648 354
375 497
561 458
794 435
25 344
786 155
254 497
609 79
698 94
82 658
161 285
179 395
424 697
393 506
471 80
274 185
804 650
37 806
392 85
697 600
517 551
491 541
540 269
317 7
700 750
533 70
132 329
226 430
683 172
223 255
706 199
623 539
301 183
771 36
500 342
755 112
661 498
518 440
242 441
266 380
725 254
596 746
610 493
495 509
448 362
157 169
573 366
229 476
105 409
520 719
764 389
398 501
10 657
680 533
313 24
630 634
300 377
406 784
1 498
723 704
66 598
571 70
489 100
173 212
415 597
366 23
438 385
684 323
162 604
584 543
114 397
623 717
708 774
57 740
734 750
198 700
455 582
11 351
352 365
610 109
384 103
258 100
531 610
691 313
508 65
611 147
698 497
569 418
710 492
646 442
585 776
753 260
792 708
549 800
228 370
372 776
631 628
779 589
247 768
477 640
296 636
16 474
270 276
537 263
256 418
798 717
536 786
591 487
287 363
617 635
285 541
354 274
689 522
477 105
258 500
791 194
605 406
511 151
114 408
214 63
226 261
735 353
687 240
557 85
388 519
258 764
33 140
94 195
565 705
342 688
527 513
265 541
379 561
467 214
149 715
477 174
334 788
795 329
62 263
38 549
668 190
268 207
535 581
658 505
150 140
202 327
714 272
513 270
658 349
100 798
157 705
454 247
539 733
502 487
429 255
383 449
653 214
529 261
216 467
204 27
37 38
249 710
104 491
374 80
4 109
555 570
33 489
61 3
5 99
730 556
300 771
301 86
708 554
544 200
650 676
377 228
514 96
676 338
692 340
464 285
221 43
284 507
52 455
241 86
100 395
228 35
409 611
251 607
209 496
530 62
493 202
6 16
88 767
581 235
664 681
229 169
70 329
83 124
297 36
248 561
675 55
193 699
465 212
148 608
205 593
323 178
726 616
318 709
19 256
777 37
539 457
403 618
355 184
324 679
792 679
538 503
280 117
41 135
11 714
774 373
90 791
323 786
109 615
467 780
517 53
131 528
557 361
325 383
806 495
310 320
288 471
348 735
180 268
4 499
462 128
573 675
447 111
178 58
386 621
617 286
691 330
436 114
646 396
379 587
651 594
388 651
293 190
330 399
474 53
76 540
761 382
552 130
210 89
142 292
494 185
362 170
121 38
424 73
152 515
219 54
750 565
451 784
1 317
174 585
377 246
279 786
751 423
394 104
603 730
539 65
775 303
453 394
536 273
260 443
282 419
642 29
641 324
77 593
112 15
575 345
299 399
616 731
679 520
523 19
160 508
402 791
334 508
425 538
331 30
140 192
454 107
775 6
685 591
107 78
64 426
214 202
43 199
525 664
630 731
378 672
180 500
463 330
310 627
400 374
256 80
309 43
171 335
743 637
603 188
359 111
125 711
468 266
54 635
273 78
427 322
738 658
127 517
385 612
454 98
755 748
90 164
295 625
431 36
160 520
654 599
509 549
384 119
94 166
556 245
92 466
90 593
207 56
241 677
770 648
344 63
199 557
307 804
789 701
313 236
29 319
449 168
610 556
649 159
207 775
702 467
489 408
758 522
729 681
217 540
375 793
136 741
88 371
359 762
373 507
569 726
724 447
55 136
506 578
464 513
401 650
411 10
68 428
156 650
579 464
526 22
435 267
530 353
418 204
415 316
803 577
232 685
508 314
202 304
300 734
332 89
789 404
799 17
482 512
457 80
112 672
154 649
293 705
208 697
101 234
668 441
544 67
711 642
203 560
99 535
203 510
468 149
325 780
753 705
572 259
365 763
716 805
702 572
31 342
658 632
290 76
169 196
348 576
287 20
331 274
138 483
595 127
323 44
371 499
22 44
14 121
698 211
372 414
88 35
529 643
789 741
27 805
768 745
139 114
139 596
712 325
234 316
157 336
96 60
552 729
65 309
410 437
443 321
675 150
234 554
719 99
269 367
475 780
85 164
430 710
216 771
14 506
478 624
320 137
371 311
261 316
536 528
110 567
662 789
636 536
457 718
756 100
271 290
661 187
27 50
724 660
185 121
105 220
250 610
384 73
624 411
172 756
442 299
415 290
422 108
99 570
463 449
571 271
232 516
191 552
750 176
337 28
680 254
614 715
665 774
148 728
739 40
703 54
285 270
656 686
430 713
193 375
278 767
353 736
401 178
517 505
297 804
322 105
261 721
22 518
766 407
347 454
198 800
483 159
600 163
296 454
171 56
404 217
480 232
405 210
314 178
52 333
191 587
318 720
24 93
108 526
199 168
362 710
136 522
466 497
440 260
750 187
106 792
365 359
106 128
492 80
265 306
345 245
97 75
274 203
15 359
648 409
53 570
728 103
644 712
586 333
285 195
700 137
18 196
742 629
779 611
11 128
190 691
506 261
256 288
5 474
464 29
296 295
432 78
138 279
717 169
750 233
101 759
786 193
528 799
387 644
767 485
173 444
21 328
146 186
226 160
488 531
661 10
802 602
784 217
345 488
88 608
651 132
493 224
597 741
417 611
465 508
393 173
363 456
658 411
773 44
377 281
7 740
720 630
384 683
116 326
541 741
284 224
652 605
603 31
575 126
691 741
218 620
105 173
418 157
604 292
310 151
175 126
250 502
791 424
767 602
502 669
582 492
661 327
692 462
384 508
338 46
280 701
478 544
44 295
104 340
62 331
641 275
666 300
231 63
417 711
641 490
534 119
132 320
740 189
417 24
137 46
600 711
234 333
270 210
319 545
549 536
726 722
479 56
686 324
352 456
630 766
120 265
563 287
449 280
626 268
84 195
460 625
490 179
582 256
559 203
709 159
161 553
300 619
697 719
548 21
679 491
319 766
235 509
520 59
519 111
186 367
536 51
324 636
178 236
365 657
439 43
428 601
142 440
774 190
131 571
143 73
718 598
437 391
272 786
743 611
803 716
412 555
458 615
35 148
611 513
438 505
696 698
46 460
528 59
580 780
685 563
86 342
14 681
110 189
122 111
638 268
170 246
16 133
743 321
590 257
482 251
635 428
380 195
408 202
643 392
8 755
241 131
655 103
507 680
738 773
388 32
134 16
234 776
119 325
90 699
330 465
562 111
561 791
640 391
696 356
95 187
566 41
767 173
166 376
401 236
419 157
4 578
224 35
135 68
183 446
71 309
745 5
788 98
469 387
696 728
252 705
435 478
494 501
399 201
703 195
576 232
282 339
43 19
378 146
142 81
344 648
711 714
703 267
471 239
257 71
708 625
420 583
480 172
693 474
250 389
711 488
331 597
502 414
251 343
396 15
285 157
237 344
179 560
610 766
188 169
539 237
599 783
9 319
495 228
188 716
512 605
571 355
487 713
779 784
594 183
698 758
325 165
418 789
203 277
461 730
601 332
538 767
460 395
716 211
515 135
336 787
681 659
653 458
7 514
645 105
463 246
805 671
18 345
109 15
150 144
596 462
485 83
29 414
17 536
481 19
228 537
440 100
575 792
537 56
7 127
286 769
200 632
709 677
457 724
177 55
453 434
107 618
540 559
73 497
478 563
564 18
97 800
276 548
297 294
609 277
514 189
101 23
765 626
89 644
223 251
35 740
661 695
556 409
424 191
512 386
45 156
545 275
171 308
730 330
631 268
332 297
179 282
218 580
153 331
709 160
414 501
684 666
126 542
558 391
38 276
20 745
6 501
362 283
240 251
276 484
307 798
504 500
339 722
802 750
570 244
531 797
643 191
520 470
139 572
96 652
106 275
362 597
791 475
676 31
741 87
118 351
253 262
159 157
577 630
203 622
111 291
587 796
67 222
101 755
13 390
203 90
137 766
36 507
339 333
524 669
320 478
238 162
581 610
115 767
51 626
684 244
777 272
559 106
446 375
607 499
546 245
40 556
435 708
522 332
646 276
161 488
223 503
607 409
371 640
168 358
506 291
790 511
672 371
738 391
630 386
132 41
444 433
94 489
84 449
600 81
34 660
710 344
746 128
29 110
594 411
701 228
787 545
653 714
308 219
246 734
51 8
528 614
239 150
266 246
112 505
25 726
212 152
68 690
29 459
322 589
726 71
479 311
199 202
262 790
142 707
238 788
596 686
682 564
110 395
486 474
782 255
437 338
144 575
345 415
540 477
173 554
363 745
598 719
724 736
633 269
131 178
101 303
188 667
763 101
211 55
398 258
219 188
592 775
542 603
115 127
551 506
649 463
352 691
275 27
728 765
241 565
132 684
250 779
20 646
434 149
127 352
324 171
474 622
