1000010101111110001101000000000011010010000100001100100110000010011010000011010000000000111
0100000010000000010000000011000000000100000000100000000000000000000000100000000001000001000
1000000000000000000000000000000000000010000000000000100000000000000000000000000000000000100
0000000000000000000000000000010000000000000000000000000000000000000000000000000100000000000
0100000010000000010000000000000000000000000000000000000000000000000000100000000001000000000
0111111010100001110111111111111101101101111011111011011011111111100111111100101111111111001
1000000101111110001101000000000011010010000100001100100110000010011010000011010000000000111
0100001010000000110010111011101000000100000010100010000000101000100001100000101011000011000
0100000010000000010000000001000000000100000000000000000000000000000000100000000001000001000
0000000100000000000000000000000000000000000000000000000000000000000000000001000000000000000
1011110101111111101101111100111111111011111101011101111111110111111110011111010110111110111
1000000100011110001000000000000010010010000100000100100100000000011000000011010000000000110
1111111011111011111111111111111111111111111111111111111111111111101111111110111111111111111
0111111111111111111111111111111111111101111111111111011111111111111111111111101111111111011
0000100000000001000000000000000000000000000000000000000000000000000000000000000000000000000
1111111111111111111111111111111111111111111101111111111111111111111111111111110111111111111
1111111111111111111111111011111011111111111110101111111111101111111111111011111111111111111
1111111111111111111110111111111111111111111111110111111111111111111111111111111111111111111
0000000000000000000000000100000100001000000001010000001000010000000000011100000000110000000
1111111101111111101111111111111111111111111111111111111111111111111111111111111111111111111
1111111101111111101111111111111111111111111111111111111111111111111111011111111111111111111
1111111101111111101111111111111111111111111111111111111111111111111111011111111110111111111
0000000000100000000100000000000000000000000000000000000000000000000000000000000000000000000
1011111101111111101101111100111111111011111101011111111111110111111110011111010110111110111
1011111101111111101101111100111111111011111101011111111111110111111110011111110110111110111
0000000000000000000000000000000000000010000000000000100000000000000000000000000000000000100
1111111111111111011111011111111111111111111111111111111111111111111111111111111111111101111
1111111011111011110111111111111111111111111111111011111111111111101111111110111111111111111
0100001010000000010010010011001000000100000010100010000000101000100001100000101001000001000
1111111111111111111111111111111110111111111111111111111111111101111111111111111111111111111
1111111111101111111111111111111101111111111111111111111011111111110111111101111111111111111
0000000000000000000000000000000000000010000000000000000000000000000000000000000000000000100
0100000010000000010010000011000000000100000010100010000000001000000001100000101001000001000
1111111011111011110111111111111111111111111111111011111111111111101111111110111111111111101
0010000000000000000000000100000100001000011001010000001001010000000100011100000000111100000
1000000101011110001001000000000011010010000100001100100110000010011000000011010000000000111
1011111101111111101111111110111111111111111111111111111111111111111111011111111110111111111
0101001010000000110010111011101000000101000010100010000000101100100001100000101011000011000
1111111111111111111111110111011111111111111111111111111111111111111111111111111111111111111
1111111111111111111101111111111111111111111111111111111111110111111111111111111111111111111
0111101010000001110010111111101100101101111011110011011001111101100101111100101011111111000
1111111111111111111111111011111011111111111110101111111111101111111111110011111111111111111
0000000000000000000000000100000100000000000001010000001000010000000000001100000000100000000
0100001010000000010010000011001000000100000010100010000000001000100001100000101001000001000
0000000000000000000000000100000100000000000000000000000000000000000000000000000000000000000
0101001010000000110010111011101000000101000010100011000000101100100001100000101011000011000
0010000000000000000000000100000100001000111001010000011001010001000100011100000000111100000
1111111111101111111111111111111101111111111111111111111111111111111111111101111111111111111
1111111111111111111111111111111111111111111111111111111011111111110111111111111111111111111
1111111111111111111111111011111011110111110110101111110111101111111111100011111111001111111
0111111011111011110111111111111111101101111011111011011111111111101111111110101111111111001
1111111111111111111111111111111111111111111111111111111111101111111111111011111111111111111
0111001010000000110010111111101100101101111011110011011001111101100101111100101011111111000
1101111111111111111111111011111011110111000110101111110110101110111011100011111111000011111
1111111111111111110111111111111111111111111111111011111111111111111111111111111111111111111
0111111010100001110110111111111100101101111011110011011001111101100111111100101111111111001
1111111111111111011111010111011111111111111111111111111111111111111111111111111101111101111
1111111111111111111111111111111101111111111111111111111111111111111111111101111111111111111
0111111011111011110111111111111111111101111111111011011111111111101111111110101111111111001
0100001010000000010010000011000000000100000010100010000000001000100001100000101001000001000
1111111111111111111111111011111011111111111111101111111111111111111111111111111111111111111
1111111111111111111111111111111111111111111111111111111111111111111011111111111111111011111
1000000100010110001000000000000010010010000100000100100100000000011000000011010000000000110
1111111111111111111111111011111011110111100110101111110110101111111011100011111111000011111
1111111111111111111111111011111011111111111110101111111111111111111111111111111111111111111
0000000000000000000000000000000000010000000100000000000000000000000000000000000000000000000
0000000000000100000000000000000000000000000000000000000000000000010000000000000000000000000
0000000000000000000000100000000000000000000000000000000000000000000000000000000000000010000
0000000000000000100000100000000000000000000000000000000000000000000000000000000010000010000
0000000000000000000000000000000000000000000000000000000000000000000000010000000000010000000
0100000010000000010000000011000000000100000010100000000000000000000001100000001001000001000
0000000000000000000000010000000000000000000000000000000000100000000000000000000000000000000
0010000000000000000000000100000100101000111001010000011001010001000100011100000000111100000
0010000000000000000000000100000100001000111001010000001001010000000100011100000000111100000
1000000101011110001000000000000011010010000100000100100110000010011000000011010000000000110
1111111111111111111111111011111011110111100110101111110111101111111011100011111111000011111
0000000000000000000000000000000000000100000000000000000000000000000000000000000000000001000
1010110101111111001101000100010111111010111101011101111111010111011110011111010100111100111
1110111111111111111111111111111111111110111111111111111111111111111111111111111111111111111
1111111111111111111111111111111111110111111111111111111111111111111111101111111111101111111
0000000000000000000000000000000001000000000000000000000010000010000000000000000000000000000
0000000000000000000000000100000100000000000001010000001000010000000000001100000000000000000
0111111011111001110111111111111111101101111011111011011111111111101111111110101111111111001
1011111101111111101111111100111111111011111111011111111111111111111110011111111110111110111
1111111111111111111111111011111011110111110110101111110111101111111011100011111111001011111
0100000010000000010000000001000000000100000000100000000000000000000000100000000001000001000
1000000101011110001001000000000011010010000100001100100110000010011010000011010000000000111
1111111111111111111111111011111011110111110110101111110111101111111011100011111111000011111
