970
368 211
296 59
399 826
734 194
459 947
311 913
290 454
166 313
725 339
901 564
731 49
687 783
386 948
266 759
177 23
470 22
15 316
382 270
6 10
620 958
311 332
23 17
577 339
688 937
526 813
81 2
30 456
64 91
804 754
280 556
414 903
210 409
154 107
86 488
147 111
705 706
82 75
132 105
186 250
867 309
833 370
200 139
693 681
721 444
45 374
223 186
236 393
210 58
88 171
174 237
482 446
28 3
315 441
103 276
591 311
952 845
8 207
682 713
263 614
637 381
21 33
829 490
387 580
862 145
664 155
176 590
114 634
117 617
914 133
347 154
2 4
924 95
149 247
96 458
1 224
742 647
464 64
873 500
968 220
3 36
665 40
188 16
733 386
589 444
7 685
696 144
967 946
49 28
66 32
47 92
403 449
369 22
689 803
370 420
426 178
90 118
499 262
830 306
933 910
249 29
416 365
414 76
247 956
177 443
128 231
129 146
184 283
686 823
165 69
299 40
906 172
500 404
531 646
219 90
88 850
285 507
175 131
268 534
304 667
466 865
64 11
479 535
71 687
916 42
303 205
517 858
819 773
25 10
518 455
215 55
389 520
573 173
185 574
182 752
508 231
123 54
939 657
187 29
23 267
33 192
529 518
366 148
143 784
412 457
179 90
122 536
588 173
596 231
56 141
38 88
701 276
807 176
383 202
70 98
103 139
58 18
603 299
944 624
427 329
401 432
748 935
781 414
292 324
9 135
562 348
719 667
835 377
726 634
67 97
729 747
179 749
847 406
407 184
586 593
53 21
29 35
874 849
151 123
65 70
169 228
109 52
306 119
181 337
316 775
412 800
244 40
321 183
279 788
6 563
84 212
13 5
311 445
72 22
47 183
599 334
586 347
479 359
878 466
680 300
525 542
320 392
316 572
930 602
670 458
119 378
144 908
399 54
231 291
170 189
581 780
66 828
17 102
283 554
101 12
69 31
39 71
348 346
741 275
728 735
632 904
228 435
560 584
80 711
259 496
671 309
113 190
209 364
113 257
288 54
1 2
17 16
802 184
498 468
198 208
820 261
147 403
8 345
469 68
199 132
343 220
350 492
166 161
95 4
193 113
756 294
198 917
289 370
357 521
109 690
945 513
483 420
176 810
257 744
304 10
54 125
272 86
77 8
323 377
140 282
839 402
294 211
138 66
920 798
74 211
568 41
676 17
16 19
252 61
133 326
448 607
25 797
71 334
56 124
767 573
222 21
598 505
373 419
510 575
326 475
448 199
369 639
357 606
8 630
15 13
17 185
954 773
132 428
849 280
100 679
550 500
505 166
361 480
530 434
814 53
185 899
946 451
128 88
832 689
926 720
965 818
349 714
840 223
697 626
224 281
34 1
531 432
881 313
269 700
559 522
302 305
455 255
953 475
658 76
444 441
876 80
187 415
30 44
417 73
154 885
328 165
248 546
453 293
848 261
388 346
82 619
453 771
41 54
44 683
796 245
716 715
484 245
812 598
188 202
1 203
155 278
511 836
198 915
107 557
859 822
548 552
159 169
139 230
274 12
540 465
261 142
48 152
76 48
418 262
837 315
4 9
55 21
621 368
216 160
89 60
184 397
651 35
176 125
400 367
414 879
350 97
327 497
488 811
204 528
643 213
201 897
356 233
3 6
960 218
149 157
92 103
718 366
868 213
653 342
88 302
738 845
808 51
211 322
642 211
579 387
882 703
703 319
361 394
108 1
521 961
387 68
279 312
762 359
121 292
343 452
709 351
344 276
21 191
390 256
655 710
101 888
324 932
57 27
73 258
106 32
120 439
406 173
341 308
52 130
570 312
185 748
127 80
197 98
222 327
668 818
190 564
730 347
22 18
477 45
119 54
433 487
311 171
493 772
227 286
582 218
18 67
151 279
647 441
611 217
121 178
943 156
2 83
224 921
780 934
30 107
31 809
82 260
373 19
300 284
590 782
428 870
757 55
467 186
205 20
532 394
855 623
26 239
90 64
510 560
90 184
161 558
688 571
362 437
785 230
30 47
264 395
684 237
38 576
15 465
496 966
411 74
100 64
213 20
491 473
805 627
75 587
147 214
280 217
895 396
57 678
329 631
21 421
162 130
407 495
842 275
511 338
32 78
768 766
698 433
340 695
592 503
115 104
490 56
626 262
357 211
43 608
424 91
391 410
8 174
39 221
204 32
46 516
307 242
365 237
74 113
106 408
20 18
211 751
648 95
112 106
3 5
27 2
770 138
793 591
673 247
216 266
381 67
131 652
740 447
513 682
581 225
47 925
31 26
804 822
578 440
218 339
798 449
298 256
18 63
43 87
181 51
660 289
57 170
257 363
26 13
96 126
911 373
436 32
513 887
886 282
618 189
94 265
912 130
485 565
321 893
8 3
404 315
149 129
5 12
379 113
585 431
929 179
319 318
233 376
524 424
74 949
645 432
68 263
471 419
310 297
361 58
66 625
255 169
32 27
617 712
654 80
226 115
158 8
7 5
898 606
127 315
6 94
367 155
544 35
418 959
156 59
293 231
172 144
446 649
609 9
360 154
372 115
31 144
720 453
33 385
111 14
184 451
46 662
140 117
933 970
365 672
213 857
48 4
951 285
674 357
137 543
472 357
42 86
267 545
702 7
46 29
821 275
232 251
114 320
173 732
65 856
386 208
883 702
17 45
461 963
38 36
53 120
551 142
1 75
725 766
169 423
640 262
105 2
863 492
296 301
478 64
792 61
39 31
272 401
245 389
34 290
64 96
446 602
11 4
93 83
923 239
724 513
510 127
486 400
745 308
774 366
314 769
894 734
342 41
791 587
310 503
296 891
638 438
122 109
548 340
843 368
337 509
311 705
309 293
391 78
628 584
514 51
116 67
677 872
405 369
59 38
198 27
543 635
155 38
412 2
841 922
569 786
338 525
902 160
18 16
141 918
884 122
669 402
790 8
205 284
137 314
755 860
379 616
767 919
384 962
615 485
657 118
32 137
85 19
184 194
504 232
215 594
190 355
236 76
585 656
787 135
79 55
434 955
765 587
145 4
388 632
80 28
147 547
362 838
433 110
729 569
426 595
489 342
5 186
268 5
296 824
722 707
7 37
846 346
240 42
4 136
294 866
58 206
501 246
240 358
302 434
108 150
827 317
162 331
931 576
50 502
148 10
571 271
642 764
145 232
315 659
163 17
853 175
170 844
364 398
325 228
195 89
252 273
241 224
869 239
110 99
336 274
910 698
20 24
370 776
852 587
134 413
132 168
38 694
105 238
6 30
42 6
137 527
533 38
739 390
342 561
728 758
259 172
256 335
118 338
522 417
112 225
413 460
517 73
338 425
928 904
490 538
80 340
63 624
936 302
80 143
270 30
277 156
145 234
69 318
229 217
275 219
192 196
102 760
40 73
89 519
468 365
238 612
293 613
40 23
45 375
831 175
365 941
180 1
323 817
600 96
462 184
447 485
834 594
2 242
161 145
56 431
29 142
642 909
476 306
133 55
569 398
717 510
686 506
62 59
358 512
329 212
176 227
605 950
262 186
217 248
256 245
114 604
429 109
877 77
64 728
304 396
496 799
3 2
29 15
285 121
957 614
708 889
26 131
149 755
253 77
201 130
352 22
677 167
43 36
16 1
761 230
442 55
226 523
3 969
74 34
289 185
233 704
636 26
60 19
68 114
806 218
666 626
526 309
627 229
113 440
745 801
871 280
134 4
314 402
98 892
641 315
229 620
314 699
156 220
371 316
569 623
380 199
129 38
168 555
938 231
900 792
539 417
942 345
282 663
333 128
245 190
235 152
825 401
570 661
763 392
48 164
29 52
277 450
25 68
583 91
94 384
545 605
333 753
457 789
36 99
79 243
331 494
160 233
402 644
65 2
463 280
603 907
182 138
112 173
95 217
549 42
86 553
750 339
120 167
675 18
16 778
738 432
905 329
10 21
875 171
584 743
779 754
297 268
158 466
446 261
664 668
541 7
37 330
66 481
940 272
597 324
56 55
715 637
851 133
228 346
153 94
322 689
41 7
622 449
777 420
493 506
359 70
353 47
246 126
816 562
145 160
39 354
209 207
188 493
121 12
896 427
601 89
63 269
171 447
815 69
566 115
459 51
513 890
650 540
566 737
191 754
269 362
25 317
474 428
351 311
473 166
736 581
864 387
964 305
51 927
383 795
7 14
233 727
438 383
349 50
336 861
53 422
707 18
723 99
708 31
117 85
22 51
