952 2643
568 669
532 824
645 615
704 45
320 652
157 428
412 257
588 285
951 198
405 371
353 930
379 41
357 618
413 243
912 105
7 512
590 632
292 795
278 850
652 478
65 348
598 748
598 811
604 153
12 199
681 717
846 703
244 419
317 435
227 736
263 27
563 122
690 846
910 551
711 263
215 354
89 711
382 273
348 129
174 852
705 938
941 607
412 280
696 862
158 754
163 876
293 276
748 722
503 31
434 668
682 663
335 305
155 215
806 356
494 167
127 718
446 97
307 750
230 205
395 408
272 493
368 551
743 378
302 467
750 615
127 346
296 232
811 116
464 345
484 788
305 49
405 502
924 361
514 928
554 417
594 776
405 103
742 401
951 188
202 621
322 562
940 947
353 527
930 392
830 475
379 47
255 592
661 104
754 570
898 951
630 233
740 633
463 824
531 596
930 516
453 259
76 834
202 517
847 664
63 580
300 122
835 385
794 368
706 603
265 57
361 871
257 684
351 768
940 390
192 903
694 701
489 590
630 575
738 709
667 406
939 653
82 151
447 669
70 508
185 25
225 357
409 878
374 232
357 864
516 818
394 311
178 456
877 692
768 232
733 282
292 541
900 647
139 511
488 864
396 563
309 899
38 857
811 916
79 754
488 324
552 483
662 120
756 625
577 592
784 705
7 844
532 454
220 589
596 753
718 633
394 916
321 418
801 291
514 828
92 202
292 516
629 797
10 213
139 500
340 339
418 677
575 753
2 36
744 440
725 762
113 772
489 918
751 518
203 605
42 46
226 835
192 4
55 576
911 369
784 141
144 167
443 128
491 56
277 64
388 904
891 409
785 162
18 531
830 185
278 618
484 363
359 820
326 392
269 817
332 108
575 48
23 316
399 644
699 841
185 374
647 425
853 346
764 478
88 871
434 431
228 465
128 429
574 412
238 19
176 55
251 831
695 103
351 199
689 433
721 889
114 617
338 126
657 175
127 776
729 477
187 696
98 542
692 935
811 722
820 470
588 551
849 308
81 277
82 413
730 593
680 5
348 947
558 234
437 633
453 344
299 2
735 300
590 108
228 763
650 385
125 304
441 497
460 397
725 503
619 227
783 207
289 677
925 74
631 422
886 170
868 481
516 591
479 663
183 540
208 322
409 455
390 244
466 902
655 199
144 884
825 821
4 638
23 36
941 834
564 131
412 432
53 893
754 730
495 171
432 551
622 311
241 434
758 813
836 623
129 198
866 153
918 582
905 56
158 646
464 520
753 230
717 504
918 347
350 820
798 438
379 273
821 711
866 548
44 168
182 735
484 579
345 863
328 502
92 375
705 115
149 163
335 29
837 833
343 109
149 857
713 393
648 123
366 620
683 244
671 638
306 202
1 536
826 660
791 650
499 711
704 883
889 83
447 879
266 249
858 168
382 176
330 922
934 603
756 527
933 70
517 753
844 359
849 161
579 159
728 184
94 839
555 603
312 73
265 129
709 688
17 606
787 260
163 235
241 258
312 257
79 263
10 705
464 564
138 864
750 509
401 466
809 928
130 38
146 555
443 21
615 923
617 328
591 381
535 271
722 168
299 332
427 403
447 1
639 796
549 612
877 482
826 567
612 655
698 871
466 765
30 394
236 176
275 554
828 646
319 37
887 574
781 109
325 49
555 75
483 540
301 915
697 540
756 908
336 933
447 627
263 806
108 723
398 59
347 593
442 393
557 59
157 101
63 309
770 403
875 126
350 622
548 906
746 463
565 905
505 928
587 404
752 543
397 35
825 165
662 529
832 817
429 413
726 312
684 226
636 790
615 111
910 548
311 660
204 447
739 201
816 244
322 46
751 268
398 657
203 388
667 277
422 238
528 573
928 306
875 544
770 534
823 768
645 438
206 770
10 899
154 665
212 45
824 573
182 653
455 44
357 884
467 89
638 223
158 304
141 168
732 128
904 452
44 565
63 934
924 68
946 835
451 589
491 643
61 55
933 568
449 615
503 27
158 25
195 785
308 27
40 665
315 123
317 798
392 22
396 147
258 281
902 27
832 702
227 90
852 912
293 528
115 592
336 867
741 398
815 767
844 157
459 249
629 946
552 407
503 16
624 900
238 871
277 520
62 586
173 114
794 153
212 51
485 251
734 88
208 741
944 479
50 5
736 556
703 567
745 690
266 637
430 637
473 880
789 58
94 128
756 632
209 395
193 676
14 321
161 915
817 408
571 331
6 508
735 596
172 278
16 767
453 838
845 68
935 647
251 781
662 320
467 883
484 947
32 276
250 896
767 933
489 561
420 667
257 466
521 701
61 663
501 139
545 925
711 886
31 181
952 706
258 13
207 738
372 514
378 380
178 113
470 750
182 617
809 734
21 651
85 909
376 255
839 430
731 545
644 741
759 648
669 160
804 483
475 447
777 199
816 465
136 366
107 201
433 103
786 783
435 314
827 524
717 869
55 834
279 117
607 193
575 488
794 916
942 414
447 174
925 199
18 528
6 790
740 885
113 256
198 755
202 785
321 309
390 874
119 151
939 745
458 794
718 483
789 625
150 351
234 68
916 63
846 824
578 23
687 230
266 219
680 571
866 839
904 35
321 27
533 573
942 718
28 282
698 927
524 247
905 61
101 103
247 200
564 190
603 550
675 405
839 260
362 920
533 458
883 739
945 911
858 213
253 551
684 492
617 362
801 115
584 818
55 134
402 427
332 99
463 763
580 615
467 764
584 716
549 913
255 613
866 672
874 538
857 872
242 522
487 887
186 795
612 42
475 741
51 548
189 700
457 43
510 221
223 290
637 922
160 695
621 651
399 877
754 505
186 296
245 194
210 497
359 382
610 623
94 420
901 759
480 482
905 135
135 244
9 621
928 224
603 564
23 148
600 13
318 765
621 755
823 952
128 290
351 519
719 268
760 467
388 252
139 837
871 908
869 523
438 626
47 910
435 501
765 122
366 377
237 374
699 852
483 449
946 177
161 648
695 847
331 216
723 865
7 55
194 730
690 830
622 880
201 509
186 54
84 668
929 636
555 19
739 389
760 329
872 771
528 618
146 288
747 520
787 68
495 668
441 77
433 244
389 864
94 289
538 596
409 805
854 881
805 788
450 388
825 621
492 415
537 33
522 541
64 296
107 836
621 193
768 795
879 407
300 710
292 910
564 234
700 295
331 396
522 233
561 434
210 32
49 723
111 386
40 42
556 517
540 898
338 742
946 860
46 878
586 29
768 51
829 439
737 927
646 644
150 599
831 71
375 75
712 469
814 116
509 183
824 779
342 660
890 822
465 721
72 563
777 811
71 112
20 872
419 688
169 248
171 825
376 393
265 864
379 148
24 549
207 906
597 73
688 795
94 77
135 757
447 626
874 170
41 464
454 437
882 346
149 553
22 809
367 669
192 68
765 399
604 454
382 646
18 704
898 646
591 567
675 766
474 350
895 58
791 769
591 676
836 391
190 664
505 170
900 399
674 676
834 360
71 284
849 662
644 271
426 255
374 130
839 490
317 881
87 252
234 592
515 554
295 889
398 355
759 686
63 119
194 569
657 400
586 54
76 565
850 711
370 653
313 715
869 267
65 442
157 340
826 37
110 909
171 408
258 794
943 48
748 611
242 546
704 225
316 476
599 610
564 512
50 16
731 17
698 740
97 235
577 254
405 205
939 838
292 806
686 747
843 712
498 807
852 476
946 284
195 733
192 197
805 87
592 530
504 546
403 520
831 870
635 219
871 97
361 488
34 907
823 194
205 796
486 783
415 257
602 31
129 99
408 38
815 309
546 811
150 594
425 312
925 507
410 751
50 877
537 398
637 716
787 119
557 342
194 659
397 324
731 111
895 174
37 851
404 637
719 907
278 489
671 729
358 858
622 808
654 478
150 950
373 257
46 409
524 912
274 781
92 431
510 106
2 524
725 146
568 158
368 388
928 38
711 229
179 492
144 58
612 289
480 226
461 459
945 296
785 140
290 40
477 203
559 198
745 587
837 123
893 441
769 446
627 158
293 355
113 434
419 868
474 101
274 80
55 526
633 367
925 751
531 725
271 539
680 899
518 646
117 854
744 693
121 556
431 668
417 648
21 433
191 316
922 607
893 732
105 910
658 140
399 697
454 107
737 48
494 792
334 557
155 327
212 668
211 908
380 45
297 333
617 667
546 393
853 891
285 30
146 891
54 453
94 662
690 305
194 623
112 912
223 648
617 949
671 144
87 500
158 550
806 322
257 550
136 826
433 658
582 644
948 23
352 339
133 946
760 698
481 820
25 714
617 813
928 832
500 723
320 828
1 475
239 607
274 817
407 405
559 839
925 472
529 813
120 896
288 893
437 51
256 918
385 699
594 220
337 784
693 728
110 913
92 192
19 371
535 42
3 672
316 823
708 507
339 197
233 459
489 748
274 351
131 689
902 463
400 817
652 520
693 783
755 762
940 368
574 317
157 141
531 640
566 897
643 529
436 305
76 662
63 39
30 905
9 752
610 951
611 498
479 760
301 948
140 630
607 936
901 48
201 589
153 146
393 732
900 309
821 431
514 28
329 628
866 437
591 494
480 903
156 911
618 878
159 130
235 213
915 736
533 145
347 796
242 129
260 288
226 496
134 265
84 345
304 330
343 947
634 611
735 90
424 126
268 158
210 595
249 143
489 889
290 860
682 607
888 160
251 876
332 368
405 166
246 545
738 563
126 876
236 212
509 541
22 571
526 846
66 458
858 936
682 695
20 946
850 308
951 927
945 200
927 775
272 382
164 367
913 529
192 651
851 537
604 807
58 601
938 517
563 477
691 272
566 367
644 122
38 473
77 882
614 952
117 368
601 584
196 318
804 61
878 593
275 179
427 514
462 338
270 513
324 812
860 107
842 871
846 167
275 474
365 300
69 205
458 158
197 950
843 441
493 693
168 708
298 543
668 434
686 831
619 523
125 52
808 362
679 18
794 555
802 465
694 479
327 116
113 40
97 854
116 99
673 720
14 699
534 552
920 311
520 796
115 357
119 312
113 265
287 230
516 488
8 373
6 288
389 879
822 332
128 73
790 449
829 634
406 478
45 630
869 804
362 394
883 814
511 638
895 793
371 738
802 120
436 942
625 804
149 665
403 722
631 485
372 259
92 341
491 663
385 89
102 218
711 919
430 797
769 88
935 768
20 86
843 636
753 1
105 170
468 138
640 320
269 562
262 629
313 931
401 745
505 574
894 757
807 230
740 272
874 391
29 759
530 210
476 179
472 421
147 485
133 149
49 333
503 141
451 356
252 198
592 240
187 763
259 150
280 892
580 882
465 320
194 308
622 379
749 657
628 614
384 799
832 99
337 303
580 641
647 223
69 585
144 912
237 621
351 730
855 864
127 867
19 545
763 162
105 751
490 871
637 675
803 676
878 285
293 542
95 93
98 211
427 773
376 422
11 66
657 747
267 611
34 874
111 360
903 508
669 655
641 120
755 445
649 488
778 793
52 444
158 268
665 854
371 766
82 42
411 599
85 564
733 223
837 426
169 831
169 220
151 259
246 466
286 933
696 886
717 341
281 772
947 26
714 819
914 305
318 132
564 623
368 44
269 907
880 102
129 451
866 412
792 924
116 85
690 155
601 857
532 124
680 466
554 33
370 488
704 3
425 83
750 639
880 836
936 353
11 826
601 123
730 401
408 116
879 531
827 521
275 308
13 303
786 165
915 772
662 677
402 154
684 370
612 444
927 597
731 547
438 505
646 7
461 451
379 531
287 177
879 358
536 6
636 38
925 560
15 662
110 735
20 707
55 860
29 289
395 922
452 601
931 390
370 739
542 603
409 893
341 480
932 367
241 193
78 460
480 875
615 272
945 345
89 488
402 439
832 256
135 687
853 545
620 423
752 247
185 192
554 811
489 183
31 743
821 782
1 75
868 367
561 120
303 188
566 754
823 480
937 735
41 952
387 324
480 425
767 7
592 931
885 515
924 401
418 805
74 502
238 471
239 463
573 443
461 140
372 172
335 663
232 535
808 932
491 227
60 20
212 274
732 518
108 419
128 700
843 80
829 773
874 307
347 459
178 309
402 111
612 751
298 851
932 309
496 237
281 157
106 817
458 72
287 851
200 512
5 249
835 765
625 145
862 198
537 253
520 3
188 830
635 750
616 492
608 84
1 658
917 351
829 717
525 932
472 617
110 159
911 349
364 606
9 231
376 478
703 850
453 166
203 809
210 461
797 833
284 609
881 430
186 210
276 141
648 430
558 945
913 363
930 587
367 829
210 882
49 251
395 780
927 575
430 368
680 537
70 99
74 197
311 549
131 323
372 351
945 382
36 432
902 235
661 939
157 706
483 635
599 744
939 240
52 460
921 884
181 859
241 874
64 12
448 294
818 925
693 650
911 306
71 124
937 358
97 513
149 499
170 351
642 78
49 53
913 832
326 330
275 69
668 436
747 626
216 32
508 761
861 59
848 209
129 664
79 695
743 620
209 925
746 877
16 43
569 812
825 256
257 198
684 862
773 518
254 175
866 565
208 72
479 464
817 546
285 204
750 591
234 756
642 655
846 34
613 509
649 711
745 205
113 523
458 44
741 409
869 367
742 759
842 409
322 687
570 19
933 477
827 566
119 863
411 629
303 254
414 872
146 762
682 21
98 204
833 604
195 942
937 225
114 409
497 103
80 931
772 423
781 304
915 35
795 521
887 167
417 108
352 573
258 222
206 678
420 108
32 74
53 290
231 822
349 48
479 700
408 542
905 211
600 924
30 259
912 222
894 350
190 609
223 699
888 226
602 141
142 349
238 849
630 727
834 405
598 378
394 729
125 267
944 128
700 897
332 683
519 721
63 597
532 406
328 535
460 473
896 714
225 116
690 470
412 222
697 120
93 608
918 206
495 444
367 214
241 324
361 914
784 174
414 818
879 26
318 302
872 661
446 841
89 25
128 716
384 171
510 746
868 579
99 144
176 760
801 65
892 435
507 96
440 39
243 231
882 311
482 235
798 886
252 276
844 842
258 357
629 551
580 416
192 481
266 485
178 566
548 70
508 395
644 303
702 125
887 35
170 254
265 382
822 284
381 431
521 536
886 692
812 303
888 136
216 155
236 232
822 399
346 380
94 156
409 642
815 465
935 166
658 161
207 519
941 886
274 205
539 635
153 82
64 691
504 773
504 442
13 631
119 824
361 96
472 231
308 259
40 929
294 289
41 835
480 839
216 106
88 632
124 142
91 392
73 645
538 762
132 299
939 624
117 153
834 326
335 827
433 106
200 256
219 108
936 863
256 908
186 351
81 952
389 346
444 923
379 354
707 557
395 387
159 186
343 457
328 126
592 800
810 180
475 68
409 739
137 680
659 703
492 788
881 262
159 472
398 117
435 749
910 294
922 812
63 188
122 789
417 940
396 704
218 861
681 67
24 228
8 553
561 899
893 366
532 4
898 305
609 9
872 55
230 299
306 676
418 106
368 155
151 218
878 511
763 681
804 543
472 852
911 716
94 463
807 559
792 892
320 811
943 223
567 707
402 146
558 770
597 856
805 53
619 240
429 502
508 286
343 739
111 286
109 485
64 934
946 797
411 17
412 129
433 633
179 544
36 674
644 468
573 763
579 185
228 425
283 526
50 450
288 435
917 904
682 271
743 113
249 98
804 318
472 319
826 757
866 540
888 647
835 42
232 416
88 794
468 249
815 677
927 501
333 111
245 867
121 378
620 415
544 251
818 259
949 731
473 184
899 948
721 596
97 175
282 11
414 317
673 220
424 483
106 653
603 140
198 181
813 398
700 212
153 143
228 757
722 407
881 435
493 941
126 12
651 265
102 117
817 801
659 770
197 847
308 326
184 332
442 38
120 180
945 584
68 60
285 594
161 57
509 521
421 50
556 870
278 627
399 733
548 751
574 774
81 517
942 810
335 184
815 87
928 719
216 390
80 341
794 580
135 554
669 931
249 117
872 143
433 334
388 872
63 915
746 582
873 854
560 635
948 714
847 452
424 44
209 334
299 915
229 456
251 512
602 280
32 699
70 295
209 844
292 296
931 276
870 757
887 86
241 314
127 148
165 435
303 910
359 570
159 228
653 844
167 435
650 14
319 628
56 20
354 364
384 97
438 468
97 632
367 885
280 487
356 719
91 805
359 280
212 247
587 566
270 198
93 87
494 288
315 520
65 331
138 604
70 531
736 640
538 544
427 581
581 504
818 922
809 229
520 475
723 414
924 952
374 834
201 117
477 128
117 382
505 148
678 762
621 464
21 373
380 329
920 702
521 52
734 764
841 483
253 810
19 184
42 853
721 438
817 464
752 780
819 404
307 574
734 891
827 929
349 61
756 856
466 507
446 829
641 488
381 55
326 791
917 75
647 214
559 335
670 667
221 148
4 772
315 518
429 423
357 296
397 190
686 177
82 662
692 917
514 437
184 367
19 741
521 778
406 754
854 902
853 817
765 943
750 392
3 424
203 394
847 621
794 212
762 320
798 686
360 810
822 750
342 563
309 388
385 775
909 459
693 302
700 907
494 420
945 66
102 596
472 589
880 271
699 63
520 496
674 933
8 36
28 612
163 471
388 653
98 813
542 511
855 876
270 617
751 815
260 369
59 698
591 708
137 175
711 806
920 514
243 877
603 470
70 654
146 800
204 443
166 582
498 216
776 811
797 947
337 862
926 936
489 89
840 553
395 503
607 852
573 281
43 908
746 831
400 324
590 580
475 633
920 37
442 252
547 715
68 342
822 806
806 753
290 942
849 900
248 840
852 249
637 211
835 932
52 351
752 548
181 386
495 245
383 556
895 420
99 777
651 174
905 767
780 778
378 397
857 99
163 792
930 679
634 288
45 356
356 657
140 568
930 407
363 183
588 804
37 629
922 432
759 923
98 471
343 798
253 370
3 458
775 295
880 800
721 654
505 209
251 910
89 402
792 260
631 355
489 133
254 656
910 137
751 143
257 735
348 434
367 589
617 532
564 223
784 712
804 208
308 413
789 799
663 192
374 234
448 642
711 233
786 631
76 718
313 626
755 909
100 17
661 934
324 601
200 178
535 716
238 564
314 166
645 828
282 786
836 938
164 645
785 526
186 348
154 766
216 332
100 704
112 647
830 560
738 583
728 28
451 234
401 311
181 515
716 851
361 249
91 887
555 196
811 94
852 831
210 270
672 594
30 61
341 131
527 732
288 422
420 534
890 428
82 801
670 891
527 475
140 879
16 336
950 365
183 139
22 271
607 422
481 36
427 160
329 690
948 744
325 19
557 470
742 594
638 78
549 172
58 860
312 15
203 349
884 202
705 712
669 664
101 529
565 108
787 30
146 490
859 288
442 155
454 516
300 282
283 370
87 617
418 896
854 802
902 588
82 21
781 32
481 626
610 937
115 560
638 878
831 48
548 345
384 62
56 897
370 734
534 712
525 631
513 428
117 761
325 390
15 487
783 886
41 599
830 75
706 45
101 122
763 491
303 201
732 666
325 279
309 109
534 638
636 336
255 794
805 851
825 442
535 594
281 885
138 413
411 233
434 727
932 42
221 775
628 182
561 256
282 886
318 215
885 639
361 298
507 327
768 939
18 860
508 567
677 74
418 873
531 51
182 187
256 723
61 896
894 41
780 319
359 42
626 149
935 552
718 136
648 68
405 334
79 923
100 60
301 952
678 96
735 410
493 27
573 321
154 682
160 547
895 426
382 123
242 534
263 397
637 42
109 220
565 799
590 815
10 770
907 546
122 153
451 207
785 723
79 50
181 608
573 660
620 383
752 762
562 40
881 474
771 263
735 533
22 927
595 821
382 937
554 812
204 613
833 264
210 742
16 717
509 656
747 846
887 593
588 473
263 539
229 716
76 47
327 179
934 153
278 413
318 548
726 362
836 33
431 241
148 99
940 698
335 341
854 581
656 1
197 762
267 454
56 651
628 575
477 682
665 729
925 373
664 507
427 823
672 240
194 332
200 123
271 5
91 764
238 637
745 193
835 150
394 592
802 309
808 383
2 23
762 561
464 857
446 388
214 842
512 285
678 228
347 577
920 445
244 920
743 827
235 736
931 31
222 819
631 70
785 371
15 408
717 537
243 4
726 356
712 466
511 542
844 668
675 362
496 903
722 759
160 591
358 678
287 452
665 877
170 437
482 812
812 33
878 950
94 300
80 458
189 232
724 24
454 148
60 379
119 173
602 185
676 741
76 501
491 401
122 415
608 799
661 198
316 51
232 942
135 177
939 61
425 10
99 127
281 320
707 41
526 623
304 47
416 158
52 815
494 331
244 140
643 719
89 294
823 322
476 47
168 264
686 78
13 717
165 287
700 305
426 240
742 481
780 726
433 354
624 694
126 497
734 874
53 104
312 812
258 946
595 564
330 944
57 600
496 392
756 609
150 942
196 857
362 58
698 443
899 164
201 122
766 387
731 338
506 922
335 909
699 454
921 525
23 512
652 798
599 475
342 447
197 204
471 281
127 604
782 732
136 566
267 630
236 767
218 926
918 93
613 278
464 344
723 746
609 236
496 931
429 401
144 186
57 469
741 584
7 835
37 685
210 147
835 211
32 260
503 428
805 797
96 667
80 240
5 650
575 871
543 563
433 427
699 721
169 830
714 329
912 850
674 913
453 260
697 939
257 630
773 75
314 503
7 952
48 226
726 101
930 630
143 327
95 94
133 535
634 206
46 732
61 713
807 892
859 795
574 775
507 629
462 268
192 331
525 583
729 161
897 800
55 647
900 352
748 589
142 569
948 628
186 443
227 541
138 765
308 890
58 533
19 777
116 693
144 86
852 644
448 55
213 692
288 416
913 678
201 833
74 465
592 414
442 150
117 477
908 850
84 711
729 219
342 360
434 530
328 678
916 47
937 275
701 474
276 763
669 305
379 213
182 538
3 245
642 502
549 791
696 181
419 408
131 857
300 832
370 894
639 837
766 343
674 756
90 841
897 229
510 145
662 114
203 308
792 887
775 252
228 674
689 176
156 57
505 60
933 863
914 771
681 65
368 447
41 367
521 85
153 467
411 550
310 259
271 393
941 491
830 482
755 945
627 868
850 935
194 899
927 825
743 25
239 442
95 924
85 766
189 668
263 417
490 838
786 356
806 533
22 210
96 901
207 210
466 702
451 219
396 3
352 162
336 222
875 470
365 93
661 464
766 827
920 854
333 116
869 130
409 668
926 518
447 508
865 112
522 204
209 191
389 782
139 193
639 279
609 574
167 66
102 541
909 99
567 587
310 567
661 46
740 691
392 86
696 591
164 698
570 933
311 821
96 74
645 384
243 320
137 920
430 694
830 176
235 401
437 539
856 474
212 202
72 50
470 220
385 203
685 523
706 944
837 848
713 834
936 320
368 765
595 815
50 498
364 777
695 711
807 322
559 245
252 694
111 779
534 521
349 215
60 481
881 582
928 93
209 71
381 604
511 808
208 425
922 32
305 607
641 584
588 337
734 496
880 594
361 725
311 12
166 785
693 679
724 656
29 145
494 824
260 912
942 923
374 274
714 538
768 41
509 687
222 838
152 318
924 932
617 206
808 663
104 23
709 171
913 843
403 386
387 233
668 417
693 423
571 861
175 587
865 35
611 76
791 287
858 393
148 873
555 475
386 633
348 666
793 482
851 225
912 657
507 769
933 869
555 919
60 503
702 530
136 532
303 93
639 152
551 252
312 640
410 317
334 310
490 897
452 274
845 666
934 786
214 508
733 101
509 816
75 816
352 667
410 480
511 141
171 88
726 266
163 889
418 467
190 274
439 924
354 936
795 242
865 145
750 737
745 283
81 49
263 355
341 186
767 359
461 945
897 890
413 851
379 766
125 494
345 501
18 437
145 315
589 170
555 659
348 27
138 465
603 655
895 16
721 824
168 712
354 931
47 874
431 805
452 895
290 528
662 537
650 86
917 186
630 141
770 199
728 762
632 568
458 852
590 85
388 500
139 902
